Number= 010080
Name= Svalbard Lufthavn
Country= NORWAY
Lat=   78.3
Long=  -15.5
Height= 28
Start year= 1911
End year= 2011
First Good year= 1911
Source ID= 34
Source file= Jones+Anders
Jones data to= 1999
Normals source= Data
Normals source start year= 1961
Normals source end year= 1990
Normals= -15.3 -16.3 -15.8 -12.4  -4.4   1.8   5.8   4.8   0.4  -5.5 -10.3 -13.3 
Standard deviations source= Data
Standard deviations source start year= 1941
Standard deviations source end year= 1990
Standard deviations=   4.7   3.7   3.7   2.7   1.5   1.0   0.8   0.7   1.4   2.7   3.7   4.4 
Obs:
1911 -99.0 -99.0 -99.0 -99.0 -99.0 -99.0 -99.0 -99.0 -99.0 -99.0 -99.0 -13.4 
1912 -24.5 -26.3 -21.7 -20.1  -7.1   2.4   4.3   2.6  -3.0  -8.7 -12.6 -11.5 
1913 -15.8 -20.7 -17.6 -10.1  -6.3   0.7   4.8   5.2   0.5  -8.6  -7.4 -12.2 
1914 -21.8 -23.9 -19.7 -10.9  -6.3   2.3   5.1   4.8  -1.1  -4.6 -12.9 -16.9 
1915 -14.3 -19.5 -21.4 -11.4  -9.9   2.1   4.1   3.6  -0.7  -4.9 -20.4 -21.6 
1916 -24.7 -16.9 -20.6 -16.9  -7.1   2.9   5.2   3.7  -0.3  -7.1 -17.8 -19.0 
1917 -23.2 -27.2 -26.0 -23.0 -10.1   0.4   3.5   2.7  -2.8  -7.9 -13.1 -20.3 
1918 -25.5 -19.7 -18.3 -13.8  -3.1   3.2   7.6   4.1  -0.6  -7.7 -10.0  -6.3 
1919  -7.0 -23.7 -23.5 -18.9  -2.6   3.7   4.6   4.6  -0.6  -4.8 -15.1 -12.8 
1920 -12.5 -18.6 -10.6 -13.5  -3.8   2.0   5.1   5.3   0.3  -2.3  -7.1  -9.5 
1921 -16.9 -18.9 -16.0 -11.4  -6.1   3.0   6.6   5.8  -1.0  -7.8 -10.7 -11.1 
1922  -5.7 -11.2 -18.0 -13.3  -4.6   4.4   7.7   5.7   1.4  -4.7  -6.4 -14.5 
1923 -13.9 -15.8 -14.4 -11.3  -4.8   2.4   7.0   6.0   1.4  -2.8  -7.5  -8.8 
1924 -10.4 -10.9 -20.2 -11.6  -3.3   1.9   7.7   5.4   0.8  -3.5  -8.3  -8.0 
1925 -11.8 -12.7 -10.6 -11.8  -6.8   3.9   5.7   6.0   3.0  -6.5  -9.7 -16.4 
1926 -13.9 -18.5 -16.8  -9.9  -6.7   1.9   5.8   3.9   1.4  -5.7 -12.1 -10.8 
1927 -15.3 -11.2 -18.7 -17.6  -6.5   2.2   5.4   5.6  -0.5  -5.7  -9.1 -15.8 
1928 -11.5 -13.5 -16.3 -14.3  -5.1   1.5   5.3   4.9   0.4  -8.3 -11.5 -13.5 
1929 -20.5  -8.3 -25.3 -19.3  -7.6   1.6   3.9   3.8   0.0  -7.0 -12.2  -3.9 
1930 -14.4 -12.0 -21.3  -9.2  -3.5   3.2   7.7   6.1   0.5  -5.8  -6.5  -5.2 
1931 -12.8  -9.4 -17.1  -6.9  -5.8   2.6   6.4   5.1   0.3  -6.9  -1.5  -9.2 
1932 -15.5 -13.7 -14.2 -14.2  -4.4   1.8   5.9   4.7  -0.8  -4.7 -10.9  -8.6 
1933  -4.4 -10.5 -15.4 -13.8  -3.7   1.9   5.6   4.7   2.8  -5.5  -7.3  -8.3 
1934  -9.0 -16.6  -7.9 -14.1  -4.2   2.5   6.2   6.5   3.7  -3.3  -6.6  -8.7 
1935 -14.2 -15.0 -14.1 -12.1  -7.2   2.1   6.9   5.7  -1.4  -1.6  -3.8  -9.4 
1936 -10.5 -17.4 -20.5 -12.5  -1.9   1.4   5.1   5.5   1.0  -3.6  -7.6  -9.2 
1937  -2.9 -17.1 -13.3  -7.5  -2.5   1.8   5.8   5.6   0.8  -3.7  -7.4  -5.5 
1938  -8.9 -10.4 -12.6 -11.3  -4.5   3.3   6.2   4.8   0.6  -0.8  -5.5  -1.2 
1939 -12.7 -12.3 -12.7 -10.8  -2.9   0.3   6.3   5.7   0.0  -4.1  -7.6 -12.2 
1940 -11.3 -17.6 -18.1 -15.3  -2.6   2.0   5.7   3.8   2.3  -4.3  -7.9 -10.3 
1941 -17.9 -17.0 -16.1 -14.9  -6.6   0.8   6.2   4.9   0.0  -6.7  -6.1 -11.0 
1942  -8.3 -14.1 -20.7 -15.9  -6.1   1.2   6.1   4.5   0.1  -4.4  -9.6 -10.6 
1943 -13.5 -16.8 -18.2 -12.7  -4.9   2.1   5.5   3.8   0.2  -4.5  -8.7 -11.0 
1944 -13.1 -12.5 -13.1 -14.3  -4.5   1.7   5.4   3.8   0.6  -3.0  -8.2  -7.5 
1945 -13.8 -10.1 -14.6 -11.6  -4.6   1.8   5.4   4.2   1.0  -6.1 -12.5 -11.1 
1946 -12.8 -15.1 -16.0 -11.5  -5.7   1.2   6.2   5.2   1.8  -5.6 -11.0  -7.7 
1947  -4.9 -15.0 -17.5 -11.0  -4.7   2.1   4.7   5.0   0.5  -4.4  -9.9 -13.6 
1948 -18.6 -18.0 -16.6 -11.6  -6.3   1.0   4.6   3.2   1.3  -3.8 -12.7 -16.4 
1949 -18.4 -10.7 -11.3 -13.5  -5.4   1.3   4.3   3.6  -0.8  -7.9  -5.7  -5.9 
1950  -9.4 -13.6 -11.2  -8.5  -4.5   1.1   5.9   5.5   2.3  -1.5  -4.7 -13.8 
1951 -16.6 -10.7 -16.8 -14.2  -5.0   1.3   5.8   5.2   0.4  -4.8 -13.8 -14.4 
1952 -14.7 -18.1 -18.0 -11.6  -5.1   3.0   5.0   3.5   0.4  -4.1  -5.9 -13.2 
1953 -15.0 -14.4 -20.6 -13.8  -4.1   2.7   6.8   5.9   0.5  -1.1  -2.2  -6.4 
1954 -10.3  -8.7 -14.3  -8.9  -2.0   2.5   5.7   5.2   0.4  -3.5  -4.0  -5.4 
1955 -16.3 -14.9 -12.0  -9.7  -6.0   1.6   4.8   4.4   2.7  -5.5 -12.2 -13.9 
1956 -12.2 -11.3 -14.9 -11.7  -5.8   1.2   6.0   5.4  -0.3  -4.1  -3.9  -5.3 
1957  -9.1 -13.0 -12.6  -8.1  -2.8   2.0   6.0   5.4   1.6   0.7  -6.5 -13.0 
1958  -9.0 -13.9 -16.2 -11.2  -3.1   1.5   5.5   4.3  -0.2  -4.3  -8.1 -12.2 
1959 -19.3 -15.9 -16.5 -10.0  -2.6   1.8   5.0   4.5   0.7  -0.9  -4.0  -7.4 
1960 -11.8 -18.6 -10.3  -8.6  -2.1   1.8   6.9   5.0   3.2  -8.9  -8.2 -14.4 
1961 -13.3 -19.0 -15.0 -13.2  -4.4   2.6   6.7   6.1   0.9  -1.2  -6.8 -16.2 
1962 -14.7 -16.6 -21.6 -15.3  -8.4   1.0   3.5   4.1   0.0  -4.3  -5.8 -16.6 
1963 -22.0 -26.0 -18.0 -14.4  -4.2   0.5   4.2   5.8   0.4  -2.4 -13.8 -15.8 
1964 -16.2 -17.7 -12.1 -13.6  -4.8   0.3   4.6   5.2   0.6  -4.0 -10.1  -8.4 
1965 -16.2 -16.0 -21.2  -8.9  -5.3   1.9   5.8   4.0   0.5  -5.9  -7.2 -12.8 
1966 -21.9 -18.4 -22.3 -10.6  -8.1   0.7   6.6   4.4  -2.1 -10.7 -11.8  -5.6 
1967 -22.7 -17.4 -14.3 -10.8  -4.5   1.6   5.2   4.1   0.8  -7.2  -8.0 -16.3 
1968 -17.6 -17.1 -19.9 -15.2  -6.0   0.3   4.7   3.8  -1.8 -14.7 -16.8 -21.4 
1969 -15.4 -18.5 -22.7 -17.5  -4.3   0.0   6.5   4.5   2.9  -1.7 -11.6 -10.5 
1970 -15.5 -19.9 -13.1 -15.6  -3.3   1.5   5.7   4.0   0.4  -3.8 -12.9 -14.7 
1971 -22.2 -12.0 -17.1 -12.8  -3.3   3.9   5.7   4.6   0.6  -8.0 -17.2 -11.3 
1972  -4.2 -12.6 -11.8 -12.5  -3.5   3.9   5.9   5.2   2.5  -4.0  -4.2  -9.3 
1973  -8.3 -18.3 -16.6  -9.3  -4.9   2.2   5.9   3.8   0.6  -7.7 -15.0 -16.1 
1974  -6.8 -11.1  -9.4 -13.2  -5.6   2.5   6.7   5.7   1.0  -2.9  -6.9  -6.9 
1975 -15.0 -12.9 -15.7 -11.2  -5.4   1.1   5.6   5.1   1.0  -7.5 -10.6 -19.5 
1976 -14.8 -12.8  -7.8 -10.7  -2.5   3.2   5.9   4.7  -0.9  -3.9  -7.8  -8.0 
1977 -11.0 -17.9 -23.5 -15.9  -4.6   1.5   5.9   4.9   0.2  -4.1  -6.9  -9.5 
1978 -20.7 -20.4 -17.7  -9.9  -3.7   1.7   6.0   5.0  -1.8  -5.8 -10.9 -12.4 
1979 -20.5 -20.6 -16.0 -17.4  -8.0  -0.5   7.6   4.8   1.0  -4.3  -6.8 -12.7 
1980 -16.7 -14.9 -15.2  -9.5  -3.3   3.4   6.0   4.2   1.0  -7.6 -15.1 -18.9 
1981 -22.0 -12.6 -19.4 -12.2  -5.2   0.0   5.3   5.4   1.3  -3.7  -7.4 -15.0 
1982 -19.7 -15.6  -8.6 -10.0  -4.0   1.0   5.1   3.9  -2.6  -5.3  -8.6 -13.2 
1983 -10.8 -15.9 -10.1 -11.7  -3.3   1.2   6.0   4.2   1.0  -6.4 -14.3 -17.1 
1984  -8.8  -9.1 -14.7  -8.1  -2.8   2.7   6.6   5.1   1.5  -2.5  -4.6  -2.7 
1985 -12.7  -9.6 -11.9 -13.5  -3.7   3.2   7.2   4.8   0.5  -6.7  -9.6 -13.4 
1986 -15.7 -22.6 -14.2 -14.7  -3.1   3.7   6.5   5.2  -1.3  -4.0  -9.2 -11.2 
1987 -11.9 -17.9 -14.2  -9.0  -3.5   2.1   4.8   4.1  -1.4  -6.6 -10.4 -18.1 
1988 -16.9 -14.7 -19.8 -18.2  -2.6   2.9   6.8   5.5  -1.5  -9.4 -16.9 -22.5 
1989 -18.4 -19.4 -15.0  -8.1  -1.5   2.4   5.4   4.7   1.3  -5.6  -9.4 -15.2 
1990  -6.2 -10.0 -15.4  -8.2  -4.0   2.8   6.5   5.6   5.2  -2.5 -11.9  -9.0 
1991 -12.3  -9.2  -8.7 -11.9  -3.9   2.6   5.6   6.2   0.7  -5.3 -11.6 -12.9 
1992 -12.7 -17.7 -11.5  -6.6  -2.6   3.2   6.0   4.6   3.0  -8.2  -6.8 -12.2 
1993 -17.0 -16.5 -16.5 -14.6  -3.6   2.4   7.8   6.5  -0.1  -8.8  -2.1 -11.3 
1994 -16.7 -16.3  -9.5  -6.6  -3.9   3.1   5.2   3.5   0.5  -8.6 -14.2  -8.0 
1995 -16.4 -14.0 -15.3  -6.8  -2.5   3.3   6.4   5.4   2.2  -6.3 -14.3 -14.4 
1996  -9.7 -17.3  -7.0  -9.5  -4.8   2.4   5.4   5.0   0.8  -3.9  -4.8 -16.0 
1997 -17.8 -15.9 -12.1 -13.8  -3.2   2.6   5.3   4.7   0.6  -4.9  -8.2  -9.9 
1998 -20.0 -20.2 -13.3 -12.6  -5.5   2.7   8.3   6.8   0.3  -3.9  -5.3 -11.7 
1999 -10.0 -12.8  -7.8 -10.6  -2.0   2.7   6.4   4.9   2.8  -6.2  -3.9 -10.1 
2000  -8.5 -11.1 -14.9 -12.8  -4.4   2.1   6.1   5.2   2.1   1.3  -3.7  -9.7 
2001  -8.3  -9.2 -16.6 -12.4  -2.9   3.4   6.4   6.5   3.2  -5.2 -11.1  -9.0 
2002 -12.7 -13.6 -18.3  -6.1  -3.3   3.7   7.1   7.5   0.1  -3.0  -5.6  -7.5 
2003 -18.6 -12.3 -17.3  -9.6  -2.5   2.8   7.0   6.4   0.6  -4.3  -6.7 -19.1 
2004 -17.0 -17.5  -7.7  -4.3  -1.8   3.0   7.6   5.7   1.3  -3.6 -11.5  -6.6 
2005  -7.5  -6.9 -16.9  -9.1  -1.2   4.5   7.2   6.8  -0.2  -5.3  -3.8  -3.8 
2006  -2.7  -9.8 -13.1   0.0   0.9   4.8   7.5   6.6   1.7  -5.5  -4.1  -6.3 
2007  -9.0  -9.0  -6.7  -9.4  -1.4   5.1   7.8   6.4   2.1  -2.5  -5.3  -8.6 
2008  -7.5  -8.9 -14.7 -10.5  -1.9   3.4   6.2   5.0   3.3  -5.7  -8.6  -8.0 
2009 -12.7 -11.3 -11.5 -15.9  -1.0   3.0   7.7   6.3   1.7  -3.6  -1.9  -5.5 
2010  -7.2 -10.3 -15.8  -7.7   0.0   3.5   6.6   4.8   2.0  -2.9 -11.0 -11.6 
2011 -15.2 -12.7 -12.7  -5.8  -1.6 -99.0 -99.0 -99.0 -99.0 -99.0 -99.0 -99.0 
