Number= 010100
Name= ANDENES
Lat=   69.3
Long=  -16.2
Height= -999
Start year= 1868
End year= 1955
First Good year= 1868
Source ID= 10
Source file= Jones
Jones data to= 1955
Normals= -99.0 -99.0 -99.0 -99.0 -99.0 -99.0 -99.0 -99.0 -99.0 -99.0 -99.0 -99.0 
Obs:
1868  -2.9  -3.8  -0.4   2.5   6.9   9.7  11.1  13.3   6.9   5.4   1.9  -1.3 
1869   2.3   0.2  -0.2   2.1   4.8   9.3  11.1  10.3   8.7   1.8   0.7  -1.3 
1870  -0.4  -2.3  -1.0   2.6   4.0   9.8  10.9  11.4   9.9   2.4  -0.9  -1.7 
1871   0.9  -6.1   1.2  -0.2   3.5   7.1  10.7   9.7   6.1   4.2  -1.0  -2.7 
1872   0.0  -0.8  -2.2   2.9   4.1  10.7  11.3   9.7   5.4   4.0   0.0  -2.7 
1873  -1.3  -3.4  -1.4  -0.6   4.2   9.4  11.5  12.4   8.5   3.4   0.2  -1.2 
1874  -1.5  -1.0  -1.7   1.3   3.7   6.5   9.1  10.6   7.9   5.4   0.6  -3.0 
1875  -4.1  -1.6  -0.8  -1.2   6.8   7.9  10.8   9.4   6.4   4.0   0.6  -0.9 
1876   0.8  -1.3  -2.6  -0.6   3.0   9.5  11.9  10.2   7.9   3.5  -1.0  -3.3 
1877  -2.2  -4.6  -3.5  -0.5   3.5   6.9   9.3   9.0   6.2   1.9   2.2   0.6 
1878  -0.4  -1.6  -2.0   1.5   5.1   8.4  10.0   8.8   8.4   5.2   0.6  -1.7 
1879  -0.4  -3.6  -1.5  -0.1   3.6   5.9  10.0  12.5   9.4   3.6   0.2  -0.2 
1880   0.6  -1.2  -1.5   0.0   3.8   6.7   8.9  11.2   8.6   0.5  -1.5  -2.9 
1881  -4.8  -5.3  -4.8  -2.5   1.1   5.6   9.5  10.6   8.0   4.7   0.3   0.1 
1882  -0.2  -3.0  -2.5   0.5   4.1   7.5  12.1  12.6   9.7   6.0   0.2  -2.3 
1883  -0.4   0.4  -1.4   2.9   5.8   9.8  10.4  11.5   8.0   4.4   1.9   0.7 
1884  -1.9   1.0   1.4   0.4   4.4   8.4   9.7  12.6   9.6   4.4   1.7  -1.7 
1885  -1.1  -1.3  -1.8   1.3   2.5   6.6  10.0   9.5   7.2   2.4   0.1  -1.9 
1886  -4.1  -0.5   0.4   1.6   5.2   9.2  10.6  11.6   7.4   6.2   2.9  -2.8 
1887   1.6   1.1  -1.6   0.0   4.3   6.2   9.8  10.5   8.9   1.9   0.0  -3.9 
1888  -2.0  -3.1  -4.6  -1.0   4.7   6.5   9.3  10.1   6.1   1.6   0.5   0.9 
1889  -0.8  -3.7  -3.6   0.2   5.9   9.8  10.1  10.6   8.0   5.3   3.5   2.3 
1890   0.5   0.8   0.4   2.2   6.6   9.1   9.3  11.9   9.4   1.7   1.4   2.1 
1891  -1.0   1.3  -3.1   2.2   4.3   5.1  10.4   9.7   6.3   5.8   1.5   0.5 
1892  -3.4  -2.8   0.1   0.6   2.9   6.1   9.2   9.2   8.0   1.9   2.4  -3.5 
1893  -4.0  -5.4  -3.4  -0.5   4.1   8.4   8.0   9.2   4.9   3.7  -2.1   0.0 
1894   0.3  -1.4  -0.8   4.8   5.7  11.2  11.8  10.5   5.5   2.9   2.1  -0.6 
1895  -1.9  -1.7  -2.6   1.3   6.3   9.3  10.3  11.9   7.0   3.0   3.1   1.6 
1896  -1.2   1.2  -0.5   2.5   5.0   7.4  12.5  10.4   9.0   3.1   0.5   0.6 
1897  -0.4  -3.6  -3.3   3.4   6.4   7.2   9.0  10.8   8.5   5.7   1.2   0.2 
1898   0.0  -3.0  -1.4   1.6   6.0   8.9  10.3  10.6   8.3   3.8   0.2  -2.4 
1899  -3.8  -2.8  -4.6  -2.0   1.9   8.8  10.8   7.5   8.3   2.4   1.4  -1.4 
1900  -1.7  -6.5  -1.9  -0.3   2.4   6.4   7.3   9.5   5.9   2.3   1.5  -2.7 
1901   1.9  -4.4  -2.8   1.0   3.7   8.6  11.0  11.2   9.7   7.0  -0.6  -3.4 
1902  -2.4  -2.4  -2.8   1.0   4.2   5.5   8.0   9.4   6.0   1.6   1.7   0.2 
1903  -0.1  -0.6   0.9   1.5   4.8   6.4   8.0  10.6   7.4  -0.3   1.4  -0.1 
1904   1.3  -4.4   0.8   3.3   3.2   7.0   9.5   9.7   8.4   4.2  -1.4  -3.3 
1905  -1.7  -1.2  -1.0   0.2   4.8   7.8  11.1  11.3   7.9   2.5  -0.7   0.7 
1906   0.6  -2.9  -3.7   2.4   3.7   7.3  10.7   8.5   7.8   3.9   1.6  -1.2 
1907  -2.1  -0.5   0.9   3.1   3.5  10.9  10.1   9.7   5.7   5.2   3.3  -1.9 
1908  -0.2  -2.8  -0.3   1.0   3.3   6.9   9.8  10.7   7.4   6.6  -0.7  -0.2 
1909   0.7  -1.0  -3.2   0.4   2.3   6.8   9.4  10.3   7.4   4.5  -1.3  -1.9 
1910  -2.2   0.8   0.9   1.3   5.7   7.8   9.1   9.4   6.9   3.5  -1.3  -0.7 
1911  -0.2  -2.1  -0.6   0.4   5.4   6.4   9.9  11.0   6.6   2.0   1.8   1.5 
1912  -2.7  -5.1  -0.8  -0.2   4.3   7.8   9.8  11.6   6.6   3.4   0.6  -1.3 
1913  -1.5  -1.3  -0.6   1.9   5.1   6.7  10.6  11.0   7.3   2.1   2.8  -1.4 
1914  -1.2  -1.1  -1.0   1.7   3.7   7.9  11.2  11.6   8.0   4.9   2.2  -0.1 
1915  -2.6  -3.5  -3.9   0.5   2.4   6.0  11.5   9.9   6.0   4.3  -1.1  -6.4 
1916  -1.2  -1.2  -3.8   0.9   3.8   7.8  12.6  10.3   6.7   1.4   2.2  -2.4 
1917  -2.0  -4.2  -3.7  -2.0   1.5   8.6   8.1  11.1   7.2   3.5   0.6  -2.2 
1918  -5.1  -1.6   0.6   1.5   4.0   8.3  11.8   9.9   7.5   4.2   3.4  -0.7 
1919  -0.4  -4.1  -2.6  -0.9   6.2   9.3   9.8   9.7   7.2   2.4  -0.9  -3.0 
1920  -1.5  -0.9   0.8   2.6   6.2   7.0  11.0  10.8   9.5   5.4   3.2   1.4 
1921  -2.8  -0.9   0.5   3.9   5.2   7.4   9.4  10.1   6.9   2.5   0.3  -0.4 
1922  -1.7  -1.4  -2.6   1.9   6.0   9.2  13.0  11.9   8.3   4.2   0.5  -2.0 
1923  -0.6  -2.1   1.2   0.8   4.9   5.4  10.1   9.0   7.9   4.4   0.9  -1.4 
1924  -0.1  -3.2  -3.2   0.4   4.7   7.1  11.9  12.7   8.9   6.6   2.4   1.4 
1925   2.5  -0.8  -2.9   2.7   5.1   8.4  11.8  11.7   9.8   2.2  -0.5  -2.3 
1926  -1.1  -1.8  -0.3   1.5   4.8   7.7  10.6  10.5   7.7   1.3   1.6  -1.9 
1927  -2.6   0.0  -0.8   0.8   3.7   7.5  13.0  13.0   8.1   2.1   0.4   0.0 
1928   0.0   0.4   0.7   1.7   4.2   9.1  10.1  10.9   7.9   3.6   0.9   0.5 
1929  -1.4  -0.6   0.0  -1.1   5.4   7.6   8.9  10.3   8.3   3.8   2.9   3.1 
1930   0.9   0.7  -1.0   4.0   6.1   9.5  12.9  13.9   7.8   4.5   1.0   1.6 
1931  -1.2  -1.1  -1.4   2.9   5.0   6.8  11.6   9.9   6.4   3.2   3.4   1.4 
1932   0.7   0.6  -0.6   1.4   4.1   7.6  10.8  10.5   6.6   3.2   1.9   3.4 
1933   1.6  -3.3  -1.0  -0.4   4.3  10.0  11.2  11.4   9.4   5.0   2.6   1.4 
1934   1.7  -0.9   0.1   1.0   5.6   7.0  13.0  14.5  12.1   5.5   2.5   1.1 
1935  -0.1  -0.7   0.2   2.3   2.7   7.1  10.3  11.5   7.0   4.6   2.7   1.3 
1936  -2.2  -4.1  -1.3   1.1   6.3   9.7  11.5  11.8   8.4   4.4   3.2   1.5 
1937   0.6  -2.6  -1.7   4.5   6.5   8.7  12.7  12.6   9.2   6.3   2.1  -0.7 
1938   0.6   1.5  -0.3   1.5   5.2   9.2  12.8  11.8   9.9   8.1   4.2   2.0 
1939  -1.7   0.4   0.1   0.6   4.6   8.0  11.4  12.4   7.4   4.6   2.6  -0.5 
1940  -0.9  -3.4  -3.5  -0.1   7.0   8.8   9.3   9.8   8.6   5.7   0.7   0.0 
1941  -2.9  -3.0  -2.3   0.2   3.1   6.8  12.8  11.5   7.7   3.2   2.4  -1.5 
1942  -3.0  -2.0  -3.3   1.5   3.0   8.3  10.2  10.5   8.2   3.9   1.7   0.0 
1943  -2.9  -0.6   1.0   1.2   4.5   8.5  11.0  10.6   8.4   5.5   2.6   2.2 
1944  -0.1   0.8  -0.8  -0.2   4.0   8.3  10.6  10.1   8.7   6.4   2.2   2.1 
1945  -2.0  -0.6  -0.1   2.9   4.6   7.0  11.5  11.6   8.3   2.9   2.4  -0.4 
1946   1.4  -3.9  -1.2   2.2   4.8   9.4  12.6  12.4  10.8   5.5   1.3   2.6 
1947   0.8  -4.3  -3.8   0.9   4.5   8.4  11.0  11.1   9.1   4.6   0.4  -0.6 
1948  -3.1   0.7   2.6   3.4   5.5   7.0  11.9   9.5   8.1   4.4   2.4   2.3 
1949   0.0   1.1  -0.2   1.7   5.4   8.0   9.1   9.1   9.0   4.2   3.2   0.7 
1950  -1.1  -1.3   0.3   3.7   4.3   8.9  11.4  13.3  10.1   6.9   2.9   0.3 
1951  -2.3  -0.4  -1.3   1.8   3.7   6.2   9.3  11.9   8.7   7.8  -0.3   0.5 
1952  -0.6  -1.2  -1.6   2.8   4.9   9.4  10.4   9.1   7.4   3.8   0.7  -2.0 
1953  -0.8  -2.8   0.1   1.7   4.8  11.0  12.0  12.1   8.1   7.0   3.7   3.4 
1954   0.3  -1.3  -0.5   1.8   6.7   7.3  13.6  11.6   8.7   4.3   1.4   1.8 
1955  -1.9  -3.0  -1.3   0.0   3.7   6.0   9.6  10.5   9.6   3.6   0.4  -3.6 
