Number= 010250
Name= TROMSO/LANGNES
Country= NORWAY
Lat=   69.7
Long=  -18.9
Height= 10
Start year= 1949
End year= 2011
First Good year= 1949
Source ID= 10
Source file= Jones+Anders
Jones data to= 2001
Normals source= Data
Normals source start year= 1961
Normals source end year= 1990
Normals=  -3.7  -3.7  -2.3   0.8   5.1   9.1  11.7  10.8   6.9   3.1  -0.6  -2.7 
Standard deviations source= Data
Standard deviations source start year= 1949
Standard deviations source end year= 1990
Standard deviations=   1.7   2.2   1.7   1.3   1.4   1.6   1.6   1.2   1.2   1.7   1.6   2.3 
Obs:
1949  -2.9  -0.8  -1.9   0.3   4.7   8.8   9.1   9.0   8.3   1.8   1.3  -2.1 
1950  -3.9  -3.8  -1.9   2.6   3.4  10.3  12.0  13.4   8.4   5.3   0.0  -2.5 
1951  -4.4  -2.3  -3.0   1.3   2.9   6.2   9.8  11.7   7.4   7.3  -2.7  -1.6 
1952  -3.3  -3.0  -3.1   1.7   4.7  10.6  10.6   8.5   6.6   2.0  -1.1  -3.8 
1953  -3.0  -5.1  -1.4   0.9   3.9  12.2  12.4  12.2   6.8   5.8   2.1   2.6 
1954  -1.7  -3.3  -2.2   1.0   6.6   8.2  14.7  11.3   8.0   2.9  -0.7  -0.2 
1955  -3.8  -6.0  -2.8  -0.9   3.2   6.1  10.5  10.8   8.9   2.0  -2.0  -6.8 
1956  -5.1  -4.7  -0.6  -1.1   5.0   8.8  12.4  10.1   6.1   3.1  -1.0  -1.6 
1957  -0.8  -4.2  -1.5   1.9   4.2   6.9  12.6  10.3   7.4   3.9   1.5  -3.4 
1958  -3.8  -5.7  -4.2   1.2   4.3   8.6  10.2  11.4   7.4   4.6   2.9  -3.7 
1959  -4.7   1.6   1.9   2.1   5.3   9.3  11.0  10.7   6.4   4.1   1.9  -1.9 
1960  -3.9  -5.3   0.7   3.7   6.4   8.5  14.4  12.4   8.8   0.4  -1.8  -2.5 
1961  -2.0  -2.0  -1.5  -0.7   4.8   9.6  12.9  11.9   8.0   6.6   1.6  -3.8 
1962  -3.6  -2.9  -6.3   1.8   4.1   7.5   9.9  10.0   7.3   3.1   1.0  -4.1 
1963  -3.7  -5.4  -4.3   1.4   8.3   9.0  10.4  11.7   9.2   4.8  -0.8  -1.3 
1964   0.1  -3.6   0.2   0.9   6.1   7.3  11.7  10.3 -99.0   6.3  -0.1  -0.6 
1965  -2.8  -3.1  -3.9   1.3   2.5   8.3   9.0   9.9   8.5   3.4  -2.2  -5.1 
1966  -5.0  -8.5  -4.9  -1.2   2.7   9.7  12.1  10.1   4.0   1.1   1.9  -1.7 
1967  -5.4  -3.0  -0.1   0.9   5.7   8.3  10.8  11.0   9.3   2.5   3.1  -5.5 
1968  -6.6  -3.4  -2.9   0.4   2.7   7.9   9.2   9.2   5.7  -0.9   1.0   0.6 
1969  -3.9  -4.3  -2.7   0.5   4.6   9.6  13.0  12.6   7.6   4.5  -0.7  -1.0 
1970  -3.0  -7.6  -1.7  -0.1   5.2  10.2  12.8  11.7   7.4   4.7  -2.2  -1.3 
1971  -3.5  -4.1  -4.5  -0.2   4.0  10.3  10.4 -99.0   6.7   2.9  -2.5  -0.5 
1972  -0.2  -2.3  -1.6   1.0   5.7  12.7  14.0  11.8   6.9   3.1  -0.1   2.4 
1973  -0.3  -3.5  -1.5   1.1   5.2   9.8  14.1   9.7   5.4   0.7  -2.5  -3.9 
1974  -1.5  -2.9   0.8   1.8   6.1  11.3  13.3  11.4   8.5   2.4  -1.5  -1.4 
1975  -3.5  -0.3   0.3   1.5   5.3   7.0   9.8   9.4   7.3   3.3   1.1  -2.9 
1976  -7.0  -0.6  -1.6   0.7   7.2   9.4  11.2  10.9   5.1   1.8  -0.8  -4.0 
1977  -4.2  -4.8  -2.4  -0.8   3.8   7.5  11.9  11.6   6.2   3.5   0.7  -1.9 
1978  -5.4  -5.9  -3.8   0.5   4.8  11.0  12.9  11.2   5.2   1.4  -0.3  -5.7 
1979  -5.9  -4.6  -2.2   0.2   4.5   8.8  13.6  11.2   6.7   2.2  -1.4  -2.2 
1980  -3.9  -4.4  -2.6   2.6   5.6  11.4  12.2  11.8   7.4   2.3  -3.4  -3.7 
1981  -4.8  -2.9  -5.5   0.2   5.0   6.0  10.9   9.9   7.2   2.4  -1.4  -5.9 
1982  -5.4  -0.8  -0.9   1.0   4.5   5.6  11.7  10.5   5.9   3.2   0.5  -0.8 
1983  -2.2  -2.6  -1.4   2.6   7.2   8.7  11.6   8.7   8.2   2.4  -2.5  -3.8 
1984  -3.8  -0.2  -2.5   2.8   7.8   9.8   9.8  10.2   6.0   3.0  -1.0   1.0 
1985  -4.4  -8.0  -2.0  -1.5   3.5   8.7  13.9  12.0   6.2   3.5  -1.6  -5.8 
1986  -6.2  -3.8   0.2  -0.4   7.2  10.0  11.8  10.2   5.2   3.9   0.1  -6.2 
1987  -5.9  -6.6  -3.3   1.0   4.5   8.0   9.6   9.4   6.8   6.9  -1.7  -4.3 
1988  -4.1  -5.4  -3.5  -2.0   4.1   9.2  13.6  10.8   7.3   2.7  -2.1  -4.1 
1989  -1.0  -2.3  -0.5   3.7   5.6  10.0  10.0  12.6   7.8   2.3   0.9  -4.0 
1990  -2.8   0.2  -1.2   2.5   4.1  11.0  13.1  12.7   8.1   4.4  -1.7   0.9 
1991  -1.9  -2.2  -2.1   2.1   4.4  11.1  11.2  11.5   5.5   4.0   0.5   0.4 
1992  -0.6  -0.4   0.2   0.4   5.8  10.5  10.6  10.7   8.3  -1.3  -2.1   0.3 
1993  -0.8  -1.3  -1.2   0.7   4.8   7.1  14.0  11.8   5.7   0.9   2.4  -3.6 
1994  -5.9  -2.9  -1.0   2.8   4.3   8.7  10.8  10.9   7.0   2.3  -0.2   0.6 
1995  -1.7  -3.2  -0.8   0.7   5.0   9.4  10.0   9.5   7.0   2.1  -1.9  -3.5 
1996  -0.3  -5.2  -0.7  -0.1   3.6   9.3  11.1  12.1   6.8   3.9  -0.5  -4.1 
1997  -3.5  -4.4  -2.4  -1.6   3.7   9.9  12.6  12.1   8.8   2.3  -1.1  -0.2 
1998  -3.8  -5.0  -3.1   0.2   4.1  10.3  14.4  11.9   7.4   3.2  -1.4  -1.2 
1999  -3.2  -3.9  -1.7   1.2   5.4  10.3  11.0   9.2   9.0   4.5   3.2  -4.1 
2000  -1.6  -2.8  -2.5   0.0   5.8   8.6  11.7  10.8   8.1   6.5   0.8  -2.1 
2001  -1.1  -5.4  -4.9   0.4   4.9  10.7  10.9  11.1   8.9   3.2   0.0  -2.1 
2002  -2.6  -3.0  -1.5   4.1   7.7  10.8  13.2  12.5   7.4   0.6  -3.0  -3.9 
2003  -6.7   0.6  -0.2   2.1   6.8   9.4  14.4  12.0   6.9   2.5   2.4  -2.7 
2004  -4.0 -99.0  -0.1   3.8   6.4   8.5  14.8  12.1   7.8   3.0   0.1   0.2 
2005  -1.1  -1.3  -2.2   3.2   5.0  10.2  12.9  11.6   7.2   5.1   1.8  -2.5 
2006   0.2  -2.3  -4.3   3.0   7.0   9.1  10.7  11.4   7.9   1.6   1.0   0.9 
2007  -3.0  -6.7   0.8   1.3   5.9   9.7  13.8  11.2   6.7   6.3   0.4   1.5 
2008  -1.6  -1.4  -3.2   0.0   4.4   8.5  10.9   9.9   7.0   3.9  -0.2   0.0 
2009  -2.5  -4.1  -1.7   0.8   7.1   8.3  12.3  12.7   8.4   2.3   0.6  -4.4 
2010  -2.9  -7.4  -4.3   1.5   7.2   7.2  11.5   9.8   8.1   3.5  -2.2  -2.9 
2011  -3.5  -4.0  -1.2   3.2   6.7 -99.0 -99.0 -99.0 -99.0 -99.0 -99.0 -99.0 
