Number= 010530
Name= HAMMERFEST
Country= NORWAY
Lat=   70.7
Long=  -23.7
Height= -999
Start year= 1848
End year= 1863
First Good year= 1848
Source ID= 10
Source file= Jones
Jones data to= 1863
Normals= -99.0 -99.0 -99.0 -99.0 -99.0 -99.0 -99.0 -99.0 -99.0 -99.0 -99.0 -99.0 
Obs:
1848  -6.2  -4.0  -0.8  -0.4   4.5   6.7   9.3  12.5   6.8  -0.2  -6.1  -4.0 
1849  -9.7  -3.0  -2.8   0.0   2.5   6.1  13.8  11.0   6.4   0.0  -1.9  -3.1 
1850  -5.4  -5.2  -6.5   0.6   3.5   6.0  10.5  10.6   5.8   1.7  -0.8  -3.3 
1851  -1.7  -4.1  -4.6  -0.9   2.2   9.7  14.2   9.0   7.5   4.1  -1.4  -2.2 
1852  -8.5  -5.2  -2.1  -2.6   5.8   8.5  10.8  10.9   7.6   0.0  -3.7  -5.6 
1853  -0.8  -6.1  -6.2   0.9   3.4   9.0  13.2  10.7   9.1   2.6   3.0  -0.8 
1854  -3.0  -5.2   0.2  -1.3   3.1   9.9  11.7  12.1   6.6   2.8  -2.5  -4.1 
1855  -4.6  -5.5  -5.2   1.5   3.5   7.2   9.8   9.8   6.3  -1.0  -1.6  -4.8 
1856  -5.6  -5.5  -4.7  -0.4   1.0   7.1  10.4   8.6   5.4   1.1  -6.5  -8.4 
1857  -7.9  -5.0  -1.1   0.9   2.0   5.0  10.3  10.3   4.1   0.7   0.0  -3.6 
1858  -1.5  -1.4  -3.9  -0.7   3.5   7.3  13.2  10.1   7.8   1.8  -4.4  -1.7 
1859  -3.7  -4.2  -5.9  -2.0   4.0   8.4   9.5  10.1   8.9  -0.5  -0.7  -4.0 
1860  -7.0  -5.9  -3.4   0.8   2.4   8.0  11.0  13.3   6.0   3.1  -1.0  -5.4 
1861 -99.0 -99.0 -99.0 -99.0 -99.0 -99.0  15.6  11.9   6.6   4.2  -4.6  -3.0 
1862  -6.9  -7.1  -7.8   0.7   2.2   7.2  10.8   8.1   5.6   2.7   1.9  -3.7 
1863  -4.2  -3.1  -2.7   1.1   2.7 -99.0 -99.0 -99.0 -99.0 -99.0 -99.0 -99.0 
