Number= 010620
Name= HOPEN
Lat=   76.5
Long=  -25.1
Height= -999
Start year= 1947
End year= 1959
First Good year= 1947
Source ID= 10
Source file= Jones
Jones data to= 1959
Normals= -99.0 -99.0 -99.0 -99.0 -99.0 -99.0 -99.0 -99.0 -99.0 -99.0 -99.0 -99.0 
Obs:
1947  -0.8 -14.3 -18.7 -10.9  -4.2   0.0   1.7   3.2   1.0  -2.7  -8.8 -13.3 
1948 -16.2 -13.8 -13.9 -12.2  -5.3  -1.1   1.3   1.3   1.0  -1.6 -10.8 -15.1 
1949 -16.5  -7.0  -7.2 -11.3  -7.2  -1.3   1.2   0.9  -0.2  -6.8  -3.7  -3.0 
1950  -4.7  -8.0  -8.2  -5.9  -4.6  -1.3   1.6   3.2   2.5   0.6  -2.1 -14.1 
1951 -16.4  -5.7 -15.7 -12.3  -5.9  -0.5   1.0   2.1  -0.2  -2.0 -15.1 -14.4 
1952 -14.0 -15.8 -15.7 -10.4  -4.9   0.3   2.6   1.9   0.9  -1.5  -1.9  -8.9 
1953 -12.9  -9.2 -19.5 -14.7  -4.8   1.8   3.3   4.2   1.3   0.8   0.1  -1.2 
1954  -7.3  -5.1 -14.4  -7.7  -2.5  -0.1   3.0   2.9   1.6  -1.4  -1.7  -2.1 
1955 -14.6 -11.7  -7.3  -6.6  -4.6  -0.6   1.8   2.6   2.2  -2.6 -11.9 -16.3 
1956  -8.9  -5.6  -9.2 -10.9  -5.5  -0.7   3.1   3.0   0.5  -1.9  -2.8  -2.1 
1957  -6.9  -9.9  -9.1  -6.7  -4.1  -0.5   1.8   3.0   1.3   1.3  -3.6 -12.0 
1958  -7.3 -11.4 -14.1  -9.9  -3.1   0.3   2.0   2.1   0.6  -3.3  -7.0 -12.5 
1959 -20.2 -12.1 -13.2 -10.5  -0.3   0.1   1.7   1.5  -1.8  -1.0  -1.9  -4.5 
