Number= 010920
Name= MAKKAUR
Country= NORWAY
Lat=   70.7
Long=  -30.1
Height= -999
Start year= 1951
End year= 1960
First Good year= 1951
Source ID= 10
Source file= Jones
Jones data to= 1960
Normals= -99.0 -99.0 -99.0 -99.0 -99.0 -99.0 -99.0 -99.0 -99.0 -99.0 -99.0 -99.0 
Obs:
1951  -5.5  -5.4  -4.2   0.6   1.2   5.7   7.3  11.8   6.4   5.8  -2.1  -3.2 
1952  -4.8  -5.3  -5.5  -1.0   2.3   7.8   9.7   7.8   6.6   1.4  -1.1  -5.0 
1953  -5.3  -7.7  -3.2   0.2   2.8   8.9   8.8  11.2   6.1   4.2   1.5   0.7 
1954  -2.3  -5.5  -2.7   0.8   4.2   6.5  12.1   9.1   6.7   2.0  -2.6  -1.3 
1955  -3.0  -7.0  -5.6  -1.8   2.5   5.1   8.6   9.5   7.5   2.2  -2.9  -9.2 
1956  -5.4  -8.1  -1.5  -3.2   3.8   8.3   7.3   7.6   5.4   1.6  -1.7  -1.1 
1957  -2.7  -2.7  -4.5   0.2   2.5   5.9  11.1  10.5   6.9   2.9   0.6  -3.6 
1958  -6.7  -4.8  -4.7  -2.3   1.0   5.9   9.4   8.9   6.5   3.3   1.1  -5.2 
1959  -4.3  -0.7  -0.1  -1.1   4.2   8.3  10.7  10.4   5.9   2.5   0.9  -3.4 
1960  -4.4  -6.1  -1.3   2.0   5.8   7.4  15.3  11.5   8.1   0.0  -2.1  -3.5 
