Number= 011000
Name= Ship "M"
Country= NORWAY
Lat=   66.0
Long=   -2.0
Height= 0
Start year= 1949
End year= 2007
First Good year= 1949
Source ID= 34
Source file= Jones+Anders
Jones data to= 1999
Normals source= Data
Normals source start year= 1961
Normals source end year= 1990
Normals=   3.3   3.3   3.3   4.1   6.1   8.2   9.9  10.6   9.1   7.1   4.9   3.6 
Standard deviations source= Data
Standard deviations source start year= 1949
Standard deviations source end year= 1990
Standard deviations=   1.1   1.1   1.1   0.8   0.7   0.8   0.7   0.9   1.1   0.9   1.2   1.1 
Obs:
1949   3.1   4.3   3.6   3.3   6.2   7.8   9.6   9.8  10.0   6.8   7.3   4.4 
1950   4.6   3.3   3.6   4.9   5.5   8.4  10.7  13.1  10.7   8.4   5.7   3.4 
1951   3.9   4.1   2.4   3.1   5.4   7.7   9.5  10.8  10.0   8.5   4.6   4.3 
1952   3.0   2.4   3.1   5.3   5.9   7.7   9.5   9.8   7.8   7.5   4.8   3.9 
1953   3.0   2.5   4.5   3.2   5.4   9.0  12.0  12.4  12.5   8.8   6.3   6.0 
1954   3.7   4.5   3.5   4.3   7.5   8.1  10.9  11.2   9.1   6.6   6.2   4.6 
1955   2.2   2.5   2.6   3.4   4.3   7.0   9.9  11.0  10.5   7.4   6.0   2.5 
1956   3.0   2.6   4.2   3.6   6.6   6.8  10.0  10.7   9.6   7.4   6.0   5.0 
1957   4.7   3.4   3.8   5.4   5.2   7.3   9.4  10.3   9.5   7.2   5.9   4.1 
1958   3.0   1.7   2.4   4.6   5.5   7.4   9.4  11.1  10.8   8.8   7.0   3.6 
1959   2.2   4.9   5.7   4.6   6.5   8.1  10.1  10.5  10.1   9.0   7.3   5.6 
1960   3.6   2.7   5.8   5.3   7.0   8.7  11.6  12.2  11.2   7.4   6.7   4.8 
1961   4.8   5.0   3.2   3.8   6.6   8.3  10.7  11.4  10.5   9.7   6.7   3.0 
1962   4.4   3.0   0.8   4.5   5.8   7.3   9.4  10.7   9.8   7.1   5.0   4.1 
1963   2.2   2.3   4.7   5.3   7.2   9.0  10.1  11.2   9.7   8.1   4.7   4.3 
1964   4.2   3.8   5.8   5.3   6.6   7.6   9.4   9.6   8.1   7.8   5.0   3.5 
1965   3.3   3.5   2.4   5.0   5.7   7.8   8.8  10.5  10.3   8.7   4.3   2.3 
1966   2.0   1.0   2.7   3.9   5.7   9.0  10.7  10.4   7.7   6.6   4.9   4.0 
1967   2.8   4.4   2.9   4.0   6.2   8.4   9.7   9.9  10.4   6.5   5.9   3.1 
1968   2.8   2.0   1.8   4.2   5.0   8.9   9.9  10.8   9.6   5.8   5.8   3.7 
1969   4.0   2.0   3.0   5.4   6.2   9.6  10.8  13.1   9.0   7.1   3.2   3.8 
1970   3.8   2.2   2.7   4.1   6.7   8.9  10.1  10.2   8.7   6.3   4.3   4.2 
1971   2.4   4.2   2.8   3.9   7.1   8.2   9.5  10.2   8.7   7.1   3.9   3.8 
1972   5.0   3.7   4.3   4.5   6.4   8.6  11.1  10.4   8.7   6.2   5.7   6.4 
1973   6.0   2.3   3.7   2.5   6.5   8.2   9.4   9.9   9.4   6.0   3.0   2.4 
1974   5.7   3.7   5.2   5.5   7.0   9.4  10.6  11.7   9.6   7.3   6.7   3.9 
1975   3.2   4.7   4.5   3.7   5.2   6.7   9.3  10.2   8.8   7.8   6.0   1.6 
1976   1.6   4.4   3.6   3.3   6.4   9.0  10.4  10.6   7.5   8.3   6.1   3.9 
1977   3.6   3.2   3.5   2.8   4.9   7.2   9.7   9.6   8.2   7.9   4.8   5.3 
1978   2.1   1.1   3.4   3.1   5.4   8.0   9.5   9.8   9.1   5.9   3.4   3.2 
1979   2.1   1.8   2.2   4.2   4.6   7.7   9.1   9.5   7.6   7.0   4.6   3.7 
1980   3.5   4.4   3.5   4.6   5.4   8.9  10.1  11.7   9.9   5.8   3.4   2.2 
1981   1.5   2.9   1.6   3.2   6.3   6.7   9.2  10.2   9.7   6.9   3.8   1.3 
1982   1.6   5.1   4.2   3.6   5.4   6.8   9.8  10.6   8.4   7.3   4.7   3.7 
1983   2.5   3.2   2.9   4.3   6.7   8.0   9.1   9.2   8.3   6.1   3.4   3.2 
1984   2.3   4.4   2.4   4.9   6.1   8.8  10.4  10.6   9.4   7.4   6.3   6.2 
1985   2.6   3.0   3.6   3.4   6.3   7.5  10.4  11.5   8.4   7.3   3.7   1.8 
1986   2.4   3.3   4.5   4.1   7.0   8.3   9.9  10.2   7.9   7.2   5.2   3.7 
1987   2.5   2.1   3.1   5.1   5.8   7.6   9.9   9.9   9.3   8.2   6.2   3.6 
1988   3.4   3.4   2.5   2.5   6.2   8.4  11.1  12.1  10.1   6.9   4.0   3.3 
1989   4.5   3.6   3.7   4.7   6.3   8.0   8.9  10.6   8.9   6.5   5.8   3.5 
1990   5.0   4.9   2.4   3.9   5.5   9.4  10.9  11.8   9.9   7.2   5.7   4.0 
1991   4.7   3.6   4.3   4.5   5.2   7.9  11.1  11.8   8.7   7.2   5.2   4.1 
1992   4.2   3.6   2.9   3.4   6.2   9.8   9.6  10.8  10.0   5.7   5.6   4.7 
1993   3.0   2.4   3.6   4.8   5.7   7.2  10.0  10.4   9.2   5.6   6.3   2.8 
1994   1.8   3.5   2.7   4.1   5.5   7.6  10.6  11.5   9.6   5.9   5.7   4.7 
1995   3.7   2.4   3.0   2.6   5.5   7.5   8.8   9.7   8.7   7.1   4.4   2.3 
1996   5.4   1.6   3.3   4.6   5.0   7.7   9.1  11.5  10.1   7.5   2.4   3.0 
1997   3.0   3.0   2.7   2.2   5.4   7.6  10.5  11.8   9.5   5.6   5.7   5.2 
1998   3.9   2.8   1.9   4.3   6.0   8.0  10.7  10.8   9.9   6.8   5.3   4.7 
1999   4.2   2.8   3.9   4.5   6.2   8.5  10.5  10.2  10.4   8.3   5.9   2.8 
2000 -99.0 -99.0 -99.0 -99.0 -99.0 -99.0 -99.0 -99.0 -99.0 -99.0 -99.0 -99.0 
2001 -99.0 -99.0 -99.0 -99.0 -99.0 -99.0 -99.0 -99.0 -99.0 -99.0 -99.0 -99.0 
2002 -99.0 -99.0 -99.0 -99.0 -99.0 -99.0 -99.0 -99.0 -99.0 -99.0 -99.0 -99.0 
2003 -99.0 -99.0 -99.0 -99.0 -99.0 -99.0 -99.0 -99.0 -99.0 -99.0 -99.0 -99.0 
2004 -99.0 -99.0 -99.0 -99.0 -99.0 -99.0 -99.0 -99.0 -99.0 -99.0 -99.0 -99.0 
2005 -99.0 -99.0 -99.0 -99.0 -99.0 -99.0 -99.0 -99.0 -99.0 -99.0 -99.0 -99.0 
2006 -99.0 -99.0 -99.0 -99.0 -99.0 -99.0 -99.0 -99.0 -99.0 -99.0 -99.0 -99.0 
2007 -99.0 -99.0 -99.0 -99.0 -99.0 -99.0 -99.0 -99.0 -99.0 -99.0 -99.0 -99.0 
