Number= 011520
Name= BODO VI
Country= NORWAY
Lat=   67.3
Long=  -14.4
Height= 13
Start year= 1868
End year= 2011
First Good year= 1868
Source ID= 10
Source file= Jones+Anders
Jones data to= 2001
Normals source= Data
Normals source start year= 1961
Normals source end year= 1990
Normals=  -2.2  -2.0  -0.6   2.4   7.2  10.4  12.5  12.3   9.0   5.3   1.2  -1.2 
Standard deviations source= Data
Standard deviations source start year= 1941
Standard deviations source end year= 1990
Standard deviations=   2.0   2.6   1.9   1.4   1.5   1.5   1.6   1.4   1.2   1.7   1.6   2.4 
Obs:
1868  -3.0  -4.0  -0.3   3.0   7.3  10.0  11.6  14.1   7.1   4.5   1.4  -2.7 
1869   2.0  -1.0  -1.2   1.8   4.4   8.7  11.7  10.5   8.7   2.4  -0.5  -2.0 
1870  -1.4  -3.8  -1.6   3.8   4.6  10.0  11.4  12.6   9.7   2.1  -0.6  -2.2 
1871  -1.5  -8.5   1.7  -1.5   4.2   8.3  13.3  11.0   7.0   4.8  -2.0  -2.4 
1872   0.5  -0.4  -1.7   3.8   6.0  14.0  13.4  10.5   6.2   5.4   1.2  -3.9 
1873  -1.8  -2.8  -1.6   0.6   5.8  10.6  15.2  13.0   9.6   3.9   1.3  -0.2 
1874   0.5   0.0  -1.3   2.2   4.0   7.8  11.0  10.2   8.7   6.4  -0.8  -3.9 
1875  -5.8  -2.2  -0.5  -0.1   7.9   9.5  12.2  10.6   7.0   4.0  -0.2  -1.6 
1876   0.6  -2.9  -3.1   1.1   4.0  12.0  13.2  11.7   9.8   4.1  -1.5  -4.2 
1877  -3.1  -4.8  -3.9   0.5   5.0   8.6  13.7  11.1   7.5   2.9   3.2   0.7 
1878  -0.6  -0.3  -1.6   2.5   6.9  10.5  11.9  11.3   9.2   6.7   0.2  -3.8 
1879  -1.3  -5.2  -0.9   1.0   5.9   9.2  14.2  14.9  10.0   3.3  -0.3  -0.1 
1880   0.6  -0.9   0.2   1.9   4.7   8.5  12.2  13.3  10.8  -0.8  -1.8  -4.1 
1881  -6.0  -6.3  -3.8  -1.6   3.0   9.0  11.4  13.0   9.3   4.8   2.1   0.3 
1882   0.5  -2.2  -1.6   0.9   6.3  11.6  14.3  14.9  11.4   6.5  -1.3  -3.7 
1883  -0.6   0.2  -1.9   5.4   7.3  12.5  15.0  13.3   9.1   5.4   2.8   0.9 
1884  -1.0   0.3   1.6   2.0   5.6  10.2  14.0  15.1  10.9   5.5   1.4  -2.1 
1885  -1.3  -0.4  -1.1   1.8   4.7   7.9  11.6  10.9   8.5   2.1   0.2  -2.0 
1886  -5.5  -0.8   0.5   2.6   6.3  11.4  11.5  12.7   8.3   7.0   3.8  -3.6 
1887   1.6   1.9  -0.9   1.4   5.9   7.6  11.5  11.4  10.5   2.2   0.5  -4.3 
1888  -1.2  -3.0  -6.0   0.0   5.5   8.6  11.2  11.3   7.0   1.7   0.1   1.3 
1889  -1.3  -4.9  -3.1   2.4   9.0  12.2  12.8  11.4   8.6   6.5   4.7   2.1 
1890   0.6   0.4   1.2   3.8   8.6  11.1  11.2  12.6   9.8   2.7   2.2   2.8 
1891  -1.1   2.5  -3.0   2.7   6.1   7.0  13.1  12.1   7.9   7.3   1.7   0.6 
1892  -3.8  -3.9   0.2   1.3   4.2   7.6  10.4   9.9   8.8   3.3   3.8  -2.8 
1893  -4.6  -6.9  -3.0   1.4   5.8   9.7  11.3  10.4   5.7   5.0   0.1   1.5 
1894  -0.3  -1.4   0.6   6.3   7.7  12.8  14.1  11.7   6.7   3.0   2.4   0.1 
1895  -4.3  -2.9  -3.0   1.9   8.4  11.4  13.3  13.3   8.1   4.3   3.0   0.5 
1896  -0.7   1.0   0.0   2.7   5.3   9.4  14.3  11.9  10.0   3.5   0.8  -0.7 
1897  -2.8  -3.6  -4.0   4.7   8.1   9.0  11.1  13.0   9.6   7.1   1.2   0.8 
1898   1.0  -3.4  -2.6   3.3   7.6  10.5  11.9  12.0   9.4   4.2   1.2  -2.9 
1899  -4.3  -3.3  -5.3  -0.1   3.2  10.7  14.3   9.6   9.1   3.8   2.5  -2.7 
1900  -2.4  -7.7  -1.4   1.5   4.2  10.0   8.9  10.9   7.1   4.3   2.7  -2.6 
1901   2.4  -4.4  -1.7   3.2   5.8  10.8  13.8  13.2  11.1   8.5  -0.3  -3.8 
1902  -2.3  -2.2  -3.2   2.1   5.9   7.0   9.9  11.8   6.9   2.9   1.7   0.1 
1903  -0.4   1.1   2.1   2.8   6.1   8.1  10.9  11.8   9.1   0.4   1.8   0.8 
1904   1.6  -6.6   0.4   3.8   5.1   9.0  10.7  11.0   9.5   5.4  -1.8  -3.0 
1905  -1.7  -1.4  -1.2   0.5   6.0  10.3  12.7  12.8   8.3   0.9   0.1   0.8 
1906   0.1  -2.6  -4.2   2.6   6.1   8.7  12.6  10.9   8.8   5.3   1.5  -2.6 
1907  -2.2  -0.9   0.8   3.4   5.1  12.5  11.8  10.2   6.7   7.0   3.5  -3.5 
1908   0.0  -2.6  -0.4   2.1   4.4   8.3  12.4  12.3   8.7   7.2  -1.6   0.2 
1909   1.2  -2.2  -3.9   0.8   3.9   8.6  12.2  11.0   8.3   5.4  -2.0  -2.3 
1910  -2.7   1.2   1.3   2.3   6.9   9.8  12.0  12.8   8.3   4.2  -1.0  -0.5 
1911  -0.3  -1.9  -0.8   1.4   7.1   9.0  11.2  12.5   9.5   3.1   0.2   1.9 
1912  -3.7  -5.1   0.2   1.0   6.7  11.1  12.6  13.9   7.4   3.4   1.2  -1.3 
1913  -2.3  -0.8   0.0   3.3   7.0   8.6  12.0  12.9   8.3   3.6   3.5  -2.2 
1914  -1.2  -1.0  -1.0   3.4   4.7   9.5  15.0  12.6   9.1   4.6   1.6  -0.6 
1915  -4.0  -3.5  -3.7   1.3   3.6   6.9  12.7  12.4   6.8   4.3  -1.5  -7.8 
1916  -0.8  -0.7  -3.6   2.9   6.9  11.0  15.8  12.0   7.7   2.6   3.1  -2.4 
1917  -2.6  -3.5  -3.2  -0.5   3.4  10.1  10.7  14.7   8.5   4.6   1.3  -2.2 
1918  -4.7  -0.7   0.9   3.4   6.2  10.3  15.4  12.6   8.7   5.8   4.5  -1.6 
1919  -0.4  -3.6  -2.0   0.9   8.7  10.8  12.8  10.5   8.5   2.9  -2.3  -4.3 
1920  -1.0   0.4   2.7   4.1   8.6   9.3  12.9  11.9  11.2   6.0   4.0   0.7 
1921  -2.7   0.1   1.6   5.8   6.8   8.0  10.6  11.8   8.5   3.6   0.2  -0.8 
1922  -3.8  -1.7  -1.9   2.4   7.4  10.8  14.6  13.1   9.4   4.9   1.1  -2.0 
1923   0.4  -2.8   2.1   1.9   6.2   6.7  11.6  11.3   9.6   4.8   0.1  -1.9 
1924   0.2  -3.5  -3.0   1.7   6.2   9.1  15.4  15.2  10.5   7.8   2.6   2.1 
1925   3.5  -1.0  -3.3   3.8   6.9  10.1  15.6  14.4  10.5   2.1  -1.5  -3.7 
1926  -1.4  -1.7   0.3   3.2   6.2  11.0  12.3  13.4   9.3   0.9   1.9  -1.8 
1927  -2.5  -0.4   0.6   1.6   5.8  10.2  16.5  14.8   9.2   2.8  -1.5  -1.1 
1928  -0.7  -0.1   1.5   3.2   5.9   9.9  10.7  12.7   8.8   4.4   1.5   0.1 
1929  -1.3  -1.3   0.4  -0.4   7.4   9.8  10.4  11.4   9.7   4.9   3.5   4.0 
1930   0.9   0.2   0.0   5.1   8.1  11.4  15.7  15.5   7.7   5.2   1.1   1.4 
1931  -2.1  -1.6  -2.3   3.4   7.4   7.6  14.6  11.1   6.9   3.3   4.6   0.4 
1932   0.7   0.8   0.0   2.7   6.0   8.7  13.8  11.7   7.6   3.5   2.7   3.8 
1933   1.2  -4.2  -0.9   1.0   6.7  12.8  13.3  13.1  11.3   5.5   1.5   0.6 
1934   2.9  -0.7   0.9   2.1   7.6   8.8  16.4  16.6  13.3   6.1   2.5   1.0 
1935  -0.6  -1.2  -0.7   2.8   4.0   9.1  11.7  12.7   8.4   5.4   3.9   1.7 
1936  -3.4  -4.3  -0.3   2.0   9.0  11.3  15.1  13.4   9.9   3.9   3.9   2.4 
1937   0.8  -4.1  -1.8   7.2   8.9  10.9  17.2  15.2  10.1   7.5   2.7  -2.2 
1938   0.1   2.2   1.0   1.9   6.3  10.6  15.6  13.6  11.0   8.6   4.4   1.6 
1939  -1.9   1.4   0.3   1.7   6.2  10.1  15.0  14.4   9.0   4.6   3.1  -1.1 
1940  -2.8  -4.6  -4.3   1.4   9.9  11.1  11.9  11.3   9.6   6.4   0.9  -0.3 
1941  -4.3  -4.9  -2.4   0.9   5.4   8.6  16.1  12.9   8.2   3.2   1.4  -2.9 
1942  -5.8  -3.7  -3.9   2.0   5.2   9.7  12.2  12.4   9.0   4.4   1.7  -0.4 
1943  -4.1  -0.1   1.5   2.0   6.4  10.9  13.7  11.4   9.3   6.4   1.7   2.3 
1944  -1.1   0.1  -1.3   0.1   4.8  10.1  12.9  11.4   9.3   6.9   1.4   1.8 
1945  -3.7  -0.2   0.1   3.7   6.8  10.2  14.5  13.5   8.4   2.7   2.7  -1.5 
1946   0.9  -6.1  -1.8   2.7   6.5  11.1  14.2  14.2  11.4   5.9   0.7   2.3 
1947  -1.1  -6.7  -4.9   1.5   6.3  11.5  14.8  12.3  10.0   3.8  -0.9  -1.7 
1948  -5.5   0.1   1.3   3.7   6.7   8.9  14.7  10.6   8.7   3.9   2.2   2.5 
1949  -0.2   1.1  -1.2   2.2   6.9   9.8  10.9  10.4  10.4   4.8   3.8   0.4 
1950  -2.6  -1.8   0.2   4.2   5.2  10.8  13.7  15.8  11.1   6.8   1.8  -0.7 
1951  -3.5  -1.3  -2.0   2.2   4.2   7.8  10.4  15.3  10.4   8.4  -0.6   0.9 
1952  -1.4  -1.7  -2.0   3.5   6.0  10.3  12.0  10.4   7.5   3.2   0.0  -2.3 
1953  -0.2  -4.3   1.0   2.7   6.0  14.4  14.2  13.5   9.0   7.9   4.1   2.9 
1954  -1.6  -2.4  -0.8   1.8   9.4   9.3  15.1  12.8   9.0   4.4   0.8   1.8 
1955  -3.4  -3.5  -2.1  -0.4   4.1   7.5  11.4  12.0  10.7   3.4   0.4  -5.6 
1956  -4.0  -4.2   0.7   0.3   6.7   9.5  13.6  11.8   8.1   4.6  -0.2   0.0 
1957   0.0  -3.1  -0.8   2.9   5.6   8.1  14.2  11.5   8.8   4.9   2.8  -1.2 
1958  -3.6  -6.5  -4.0   2.1   6.0  10.0  11.5  13.8  10.1   7.3   5.1  -3.2 
1959  -4.4   3.2   3.6   3.1   6.4   9.7  11.9  12.6   8.3   6.1   3.1   0.1 
1960  -2.8  -4.8   1.5   4.2   8.1  10.1  15.6  14.4  10.3   2.4   0.6  -1.1 
1961  -0.5   0.7  -0.2   0.7   6.7  10.8  13.4  12.8  10.4   9.2   3.7  -2.9 
1962  -2.1  -1.0  -5.1   3.1   6.6   8.6  10.8  12.0   9.1   6.0   1.7  -2.2 
1963  -2.5  -4.2  -2.4   3.8   9.7  10.6  11.3  14.3  10.6   6.5   0.3   0.6 
1964   2.3  -2.0   0.6   3.5   7.5   8.7  12.4  12.1   7.9   7.8   1.2   0.8 
1965  -2.6  -1.2  -1.6   3.9   5.0  10.8  10.2  11.2  11.3   6.4  -1.8  -4.8 
1966  -4.4  -8.9  -2.5   0.1   5.1  11.4  12.2  11.1   6.1   3.8   2.9  -0.8 
1967  -3.8  -0.1   1.7   2.5   8.1   9.5  11.9  13.0  11.2   4.4   4.7  -4.5 
1968  -4.7  -2.2  -0.5   2.9   5.3  10.2  11.0  10.7   9.1   1.1   1.2   2.0 
1969  -2.6  -4.2  -0.9   3.3   6.9  11.8  13.3  15.8   8.7   6.4  -0.7  -0.9 
1970  -3.1  -5.9  -0.4   1.2   7.9  11.4  13.4  13.6   9.4   5.5  -0.7   0.8 
1971  -0.7  -2.4  -3.1   1.7   7.2  11.5  11.5  12.0   8.4   4.6  -1.1   1.8 
1972  -0.9  -1.0   0.4   3.2   8.3  13.9  15.0  12.7   7.9   5.4   1.7   3.8 
1973   1.3  -1.6   1.5  -1.6   7.1  10.7  14.6  10.6   7.9   2.3  -1.3  -2.8 
1974   1.4  -0.8   1.0   3.6   8.6  12.1  13.1  12.6  10.9   4.2   1.1   0.5 
1975  -0.5   1.3   1.3   1.8   6.1   7.2   9.9  11.0   8.7   6.4   3.0  -0.7 
1976  -4.1   0.7  -0.9   1.4   8.9  10.3  12.2  11.1   6.2   4.5   1.4  -2.2 
1977  -2.9  -3.5   0.4   0.9   5.0   8.4  12.6  12.7   7.9   6.1   1.7   0.9 
1978  -3.0  -4.6  -0.8   1.6   7.0  11.8  14.9  12.6   8.4   4.0   2.2  -5.1 
1979  -3.7  -2.4  -0.3   2.8   6.0  10.7  13.9  13.4   8.4   4.0   1.8  -0.4 
1980  -3.0  -2.0  -0.8   4.2   7.4  12.9  15.2  14.5  10.1   3.6  -0.4  -2.8 
1981  -2.6  -1.6  -4.2   2.3  10.1   7.5  11.9  11.1   9.6   4.8  -0.5  -5.9 
1982  -4.3   0.9   1.1   2.5   6.3   7.7  11.7  12.2   8.3   5.9   1.8   0.6 
1983  -0.9  -0.5  -0.5   4.5   9.6   9.0  11.4  10.0  10.2   4.1  -0.9  -1.1 
1984  -3.0   1.0  -1.4   4.0   9.8  10.7  10.9  11.4   9.0   5.7   1.7   2.0 
1985  -3.6  -6.6  -0.6   0.6   6.2  10.7  14.0  13.4   8.1   6.2   0.5  -4.4 
1986  -5.8  -2.3   1.3   1.5   8.2  10.8  11.9  11.8   7.1   6.0   3.0  -5.2 
1987  -5.4  -4.8  -2.1   2.5   5.9  10.2  11.7  10.3   9.1   8.9   1.9  -1.4 
1988  -1.2  -2.9  -1.9   0.3   7.2   9.5  14.6  13.4  10.5   5.2   0.8  -0.8 
1989   1.7   0.7   1.7   5.2   6.5  10.5  10.6  13.3   9.1   4.6   3.3  -2.1 
1990  -1.4   2.7   0.8   3.8   5.5  11.9  13.2  12.8   9.7   6.7   1.1   2.3 
1991   0.5  -1.6  -0.2   3.8   5.4  11.1  12.5  12.8   8.2   6.0   3.2   2.8 
1992   1.5   0.5   1.8   1.2   7.4  12.5  12.2  12.3  10.9   1.0   0.5   3.2 
1993   0.6   0.6   1.2   2.9   7.7   8.6  14.8  13.0   8.3   3.4   3.6  -1.0 
1994  -3.4  -2.0   0.7   4.4   6.3   9.0  12.6  13.6   9.4   4.1   1.4   2.5 
1995   0.0   0.1   1.2   1.3   6.7   9.8  11.2  10.7   9.6   6.1   0.7  -1.4 
1996   2.0  -3.5   0.7   2.3   5.7   9.7  12.2  15.3   9.4   6.6   0.4  -1.4 
1997   0.2  -1.1  -0.5   0.2   6.3  12.5  14.8  14.1  10.8   4.3   2.0   1.7 
1998   0.1  -1.7  -0.6   2.6   6.2  11.7  15.1  13.4  10.9   5.8   0.5   1.0 
1999  -1.4  -1.9   0.9   4.1   7.1  11.7  12.1  11.1  12.2   6.8   5.2  -1.6 
2000   0.4   0.3  -0.8   2.6   7.8   9.2  12.9  11.4   9.9   8.4   4.8   0.0 
2001   1.0  -4.7  -3.3   2.3   6.0  10.3  11.6  12.4  10.5   6.4   2.5  -1.2 
2002  -1.0  -0.8  -0.2   5.6   9.7  14.1  14.7  15.3   9.2   2.4  -1.0  -2.0 
2003  -5.3   1.4   1.8   3.2   7.7  10.7  15.7  13.7   9.0   3.8   3.6   0.1 
2004  -1.8  -1.3   1.3   5.9   7.6   9.8  13.5  13.9   9.8   6.0   1.5   2.1 
2005   1.0  -0.4  -0.8   4.6   6.1  11.0  15.0  12.7   9.1   7.1   3.8  -0.7 
2006   1.7  -0.8  -3.1   4.2   8.8   9.5  12.7  15.1  10.5   4.8   3.7   3.5 
2007  -1.0  -3.8   2.9   3.4   7.1  11.7  15.6  12.4   8.5   7.3   1.5   3.7 
2008   0.6   1.5  -1.0   3.8   7.1  10.9  13.7  12.4   9.7   6.9   1.7   1.7 
2009  -0.2  -2.7   0.8   3.9   8.9  10.4  13.9  14.3   9.9   4.1   4.3  -1.6 
2010  -1.9  -4.9  -1.9   3.6   7.8   8.7  13.2  12.4  10.1   6.4  -1.1  -2.2 
2011  -0.9  -2.7   0.4   5.0   8.7 -99.0 -99.0 -99.0 -99.0 -99.0 -99.0 -99.0 
