Number= 011530
Name= Glomfjord
Country= NORWAY
Lat=   66.8
Long=  -14.0
Height= 39
Start year= 1916
End year= 2007
First Good year= 1916
Source ID= 34
Source file= Jones+Anders
Jones data to= 1999
Normals source= Data
Normals source start year= 1961
Normals source end year= 1990
Normals=  -1.3  -1.1   0.3   2.9   7.5  10.7  12.5  12.2   8.9   5.8   1.7  -0.4 
Standard deviations source= Data
Standard deviations source start year= 1941
Standard deviations source end year= 1990
Standard deviations=   2.0   2.5   2.0   1.4   1.6   1.6   1.6   1.6   1.4   1.8   1.6   2.3 
Obs:
1916  -0.2  -0.1  -3.0   2.9   7.5  11.2  15.2  11.6   7.1   2.5   3.0  -1.3 
1917  -3.1  -3.1  -2.9  -0.6   3.2  11.0  10.4  15.8   8.3   4.9   1.2  -2.7 
1918  -4.2  -0.1   0.9   3.5   6.9  10.5  15.2  12.5   8.3   6.2   4.3  -1.1 
1919   0.8  -2.6  -1.9   0.8   9.1  11.3  12.8  10.2   8.6   3.0  -1.8  -3.0 
1920  -0.1   0.8   3.1   4.3   8.7   9.2  13.3  11.9  11.2   6.1   3.6   1.2 
1921  -2.0   0.3   2.3   5.2   6.5   8.3  10.9  11.8   8.0   3.8   0.1  -0.1 
1922  -3.0  -0.8  -1.3   2.5   7.1  10.4  14.8  13.3   9.3   4.2   1.0  -1.2 
1923   0.2  -2.4   2.7   1.7   6.4   6.6  11.8  11.3   9.3   4.9   0.3  -2.0 
1924   0.7  -2.8  -2.6   1.6   6.2   9.7  15.3  15.1  10.5   7.7   2.5   2.7 
1925   3.2  -1.0  -2.9   3.9   7.0   9.9  16.1  14.2  10.2   2.3  -1.3  -2.9 
1926  -0.3  -0.5   0.1   3.5   6.3  11.6  12.7  13.4   8.9   1.3   2.9  -1.0 
1927  -1.1   0.5   1.7   1.6   5.4  10.3  16.8  14.8   8.8   2.9  -0.9  -1.5 
1928   0.4   0.4   1.6   3.4   5.7   9.6  10.2  12.0   8.2   4.6   2.0   0.4 
1929  -0.9  -0.7   1.6  -0.7   7.2   9.9  10.2  11.0   9.3   4.5   4.3   4.3 
1930   1.8   0.5   0.3   5.7   8.3  11.8  15.5  15.4   8.0   6.3   1.3   3.0 
1931  -1.1  -0.6  -2.3   3.5   7.4   7.7  14.7  10.6   6.7   3.6   5.5   0.4 
1932   2.1   0.9  -0.3   2.2   5.8   9.0  13.5  11.3   7.3   3.8   3.1   4.2 
1933   2.4  -3.3  -0.2   1.3   6.1  13.0  13.4  12.7  10.8   5.8   1.8   0.8 
1934   3.4   0.4   1.6   2.6   7.6   8.9  15.6  16.1  13.3   6.4   2.5   1.4 
1935  -0.2  -0.3  -0.8   2.6   3.8   9.6  12.0  12.5   8.1   5.7   4.8   2.3 
1936  -2.6  -3.7   0.6   2.0   8.5  12.0  15.2  13.0   9.1   4.1   4.1   2.6 
1937   1.2  -3.7  -1.3   7.2   8.9  11.2  17.1  14.8   9.8   7.7   2.7  -1.5 
1938   1.0   2.1   1.2   2.4   6.6  10.2  15.5  13.4  10.6   8.9   5.1   2.6 
1939  -1.1   1.7   0.2   1.7   5.7  10.3  15.0  14.1   8.5   4.8   3.1  -0.5 
1940  -1.8  -4.7  -4.6   0.7   9.2  11.4  11.8  11.1   9.3   6.3   1.6   0.3 
1941  -3.5  -3.4  -1.7   1.0   5.0   8.9  16.3  12.8   8.9   3.7   2.8  -1.4 
1942  -4.5  -2.7  -3.4   2.5   5.1   9.6  12.1  12.5   9.7   5.0   1.9   0.7 
1943  -2.8   0.2   2.3   2.4   6.6  10.7  12.9  11.0   9.0   7.2   2.1   2.4 
1944   0.1   0.6  -0.8   0.0   4.6   9.5  12.8  11.2   9.4   7.2   2.0   2.3 
1945  -3.1   0.5   1.4   3.9   6.7  10.3  14.4  13.4   9.6   3.3   3.3  -0.5 
1946   1.7  -3.8  -0.5   3.4   6.7  11.2  13.8  14.0  11.5   6.4   1.4   3.2 
1947  -0.2  -5.9  -4.5   1.8   6.4  11.3  15.1  12.3  10.0   4.1   0.2  -1.3 
1948  -4.4   1.2   3.1   4.3   6.6   9.0  15.3  10.5   9.2   4.2   2.5   3.4 
1949   0.4   1.7  -1.0   2.5   7.3  10.2  10.6  10.2  11.1   5.0   4.7   0.5 
1950  -2.0  -1.0   0.5   4.4   6.1  11.1  14.0  15.9  10.8   7.0   2.4  -0.3 
1951  -2.1   0.2  -2.2   2.0   4.3   8.2  10.4  15.6  10.9   8.1   0.0   1.4 
1952  -0.7  -1.4  -1.0   4.3   6.6  10.8  12.6  10.4   7.1   3.6   0.5  -2.0 
1953   0.1  -2.9   2.5   3.6   6.6  15.2  14.3  13.9   9.1   8.3   4.4   3.5 
1954  -1.5  -1.8   0.1   2.1  10.0   9.6  15.5  12.9   8.7   4.9   1.9   2.1 
1955  -3.1  -3.2  -1.9  -0.4   3.8   7.8  11.9  12.3  10.3   3.3   1.0  -4.1 
1956  -2.1  -2.7   1.9   1.0   7.3  10.1  13.8  11.8   8.4   5.1   1.4   1.1 
1957   1.0  -1.6   0.7   3.3   5.5   8.2  14.5  11.8   9.8   5.6   3.3  -0.2 
1958  -1.8  -5.7  -3.0   3.0   6.5  10.3  11.8  14.1  10.5   8.0   5.8  -2.1 
1959  -3.3   3.6   4.6   3.9   6.6  10.2  12.3  12.9   8.2   7.1   4.6   1.7 
1960  -1.9  -2.7   3.1   5.0   8.6  10.5  16.0  14.7  11.3   3.2   2.5   0.0 
1961   0.2   1.8   0.5   1.7   7.1  11.0  13.6  12.8  10.7  10.3   4.8  -2.0 
1962  -0.8  -0.6  -4.4   3.5   6.8   8.8  11.4  12.1   9.1   6.1   2.1  -1.1 
1963  -2.4  -3.3  -0.8   4.4  10.9  11.2  11.6  14.9  10.4   7.1   0.8   0.7 
1964   2.2  -1.0   1.6   4.1   7.8   9.3  12.5  11.8   7.8   8.2   1.9   1.2 
1965  -1.6  -1.2  -0.8   4.6   5.2  10.8  10.1  11.3  11.7   6.4  -0.9  -3.4 
1966  -3.5  -7.3  -0.8   1.0   5.7  12.4  12.2  11.3   6.5   4.3   3.2   0.0 
1967  -3.6   0.7   2.1   2.5   8.1   9.4  11.4  12.3  11.0   5.1   5.3  -3.3 
1968  -2.9  -1.6   0.0   3.1   5.2  10.4  10.6  10.1   9.5   1.3   1.5   2.2 
1969  -0.6  -3.2  -0.3   3.6   6.5  12.0  13.3  16.5   8.4   6.5  -0.2  -0.6 
1970  -2.7  -4.9   0.6   2.2   8.5  12.1  13.3  13.0   8.8   5.5   0.2   1.1 
1971   0.0  -1.2  -2.3   2.4   7.9  11.4  11.4  11.7   8.1   5.0  -0.5   2.5 
1972   0.5   0.3   1.2   3.1   8.7  14.2  14.8  12.1   7.6   5.6   1.9   4.7 
1973   2.2  -1.2   2.7   2.0   7.3  11.0  14.6  10.3   7.8   2.7  -1.4  -1.9 
1974   2.7  -0.1   1.8   3.5   8.5  12.1  12.9  12.4  11.1   5.2   1.9   1.1 
1975   0.6   2.0   2.3   2.4   6.7   7.7  10.3  11.4   8.9   6.8   3.6  -0.4 
1976  -3.3   1.9  -0.2   1.3   9.0  10.1  11.9  10.9   5.5   5.3   2.2  -1.4 
1977  -2.4  -3.5   0.7   0.6   4.7   8.3  12.3  12.1   7.2   6.6   1.9   2.0 
1978  -2.4  -4.5   0.0   1.7   7.4  12.0  14.7  11.9   8.1   4.5   2.3  -4.6 
1979  -2.2  -1.8   0.4   3.0   6.4  10.9  13.6  13.1   7.7   4.3   2.3   0.0 
1980  -3.2  -1.2   0.0   4.4   7.3  13.1  15.4  14.5   9.8   3.6  -0.3  -2.8 
1981  -2.5  -0.9  -3.4   2.0   9.9   7.4  11.5  10.7   9.6   5.2   0.3  -4.8 
1982  -3.7   2.6   2.1   2.7   6.4   7.8  12.1  11.8   8.3   6.4   2.1   0.9 
1983   0.1   0.2   0.2   4.9   9.8   9.0  11.7   9.7  10.1   4.4  -0.6  -0.8 
1984  -2.2   2.0  -0.7   4.3  10.2  10.4  10.6  11.0   9.3   6.5   3.3   3.1 
1985  -3.2  -4.6   0.6   0.5   6.8  10.7  14.1  13.5   7.7   6.4   0.8  -3.9 
1986  -4.8  -1.9   2.8   1.9   9.0  11.6  12.3  11.7   7.1   6.7   3.4  -3.4 
1987  -3.9  -4.2  -0.7   3.5   6.7  11.0  11.9  10.3   8.7   9.6   2.6  -0.8 
1988   0.8  -0.4  -0.8   0.3   8.2  10.0  15.3  13.4  10.5   5.1   0.7   0.0 
1989   3.0   1.9   2.8   5.7   7.0  11.0  10.8  13.7   9.3   5.3   3.9  -0.4 
1990   1.2   3.7   2.1   4.6   6.0  12.4  13.8  13.3  10.3   7.3   1.9   2.9 
1991   1.9  -0.4   1.8   4.5   5.5  11.3  13.1  12.8   7.9   6.3   3.5   2.6 
1992   2.1   1.1   2.1   1.4   8.0  12.6  11.8  12.1  10.9   1.6   1.9   3.5 
1993   1.2   1.0   1.7   3.1   8.1   8.4  14.6  12.6   8.0   3.7   4.2  -0.3 
1994  -3.1  -1.6   1.4   4.6   6.2   9.1  12.8  13.2   9.1   4.2   1.8   3.0 
1995   0.7   1.0   1.5   1.4   7.1  10.3  11.1  10.5   9.1   6.6   0.6  -0.9 
1996   2.6  -3.3   1.1   3.0   5.9  10.1  12.2  15.4   8.7   6.6   0.3  -1.3 
1997   0.7  -0.1   0.2   0.5   6.4  12.7  15.1  14.4  10.1   4.1   2.7   2.3 
1998   1.2   0.4   0.4   3.2   6.6  11.9  15.0  12.8  10.7   5.9   1.3   1.9 
1999  -0.7  -1.0   2.0   4.4   7.1  12.2  12.1  10.4  12.4   6.7   5.4  -1.2 
2000 -99.0 -99.0 -99.0 -99.0 -99.0 -99.0 -99.0 -99.0 -99.0 -99.0 -99.0 -99.0 
2001 -99.0 -99.0 -99.0 -99.0 -99.0 -99.0 -99.0 -99.0 -99.0 -99.0 -99.0 -99.0 
2002 -99.0 -99.0 -99.0 -99.0 -99.0 -99.0 -99.0 -99.0 -99.0 -99.0 -99.0 -99.0 
2003 -99.0 -99.0 -99.0 -99.0 -99.0 -99.0 -99.0 -99.0 -99.0 -99.0 -99.0 -99.0 
2004 -99.0 -99.0 -99.0 -99.0 -99.0 -99.0 -99.0 -99.0 -99.0 -99.0 -99.0 -99.0 
2005 -99.0 -99.0 -99.0 -99.0 -99.0 -99.0 -99.0 -99.0 -99.0 -99.0 -99.0 -99.0 
2006 -99.0 -99.0 -99.0 -99.0 -99.0 -99.0 -99.0 -99.0 -99.0 -99.0 -99.0 -99.0 
2007 -99.0 -99.0 -99.0 -99.0 -99.0 -99.0 -99.0 -99.0 -99.0 -99.0 -99.0 -99.0 
