Number= 012350
Name= Kjoeremsgrendi
Country= NORWAY
Lat=   62.1
Long=   -9.1
Height= 626
Start year= 1890
End year= 2007
First Good year= 1890
Source ID= 34
Source file= Jones+Anders
Jones data to= 1999
Normals source= Data
Normals source start year= 1961
Normals source end year= 1990
Normals=  -8.8  -7.6  -3.9   0.3   6.5  10.7  12.0  11.1   6.6   2.4  -4.0  -7.3 
Standard deviations source= Data
Standard deviations source start year= 1941
Standard deviations source end year= 1990
Standard deviations=   3.6   3.5   2.6   1.5   1.3   1.6   1.2   1.4   1.3   1.5   2.1   2.9 
Obs:
1890  -3.7  -6.1  -2.3   1.2   8.3   9.0  10.0  10.2   8.6  -0.1  -4.1 -10.7 
1891  -9.5  -1.9  -7.6  -0.9   4.9   9.9  13.7  10.4   7.0   4.2  -4.0  -7.5 
1892 -12.3 -10.9  -5.7   0.0   3.5   8.9  10.8   9.4   6.5   1.2  -2.4  -8.8 
1893 -11.8 -12.9  -2.4   1.5   5.4  10.3  13.0  10.3   4.4   1.5  -4.0  -4.2 
1894  -7.0  -6.4  -1.0   3.7   5.0  11.6  14.7   9.9   5.2  -1.3  -1.9  -4.9 
1895 -13.6 -11.6  -5.3   1.0   9.1  11.1  10.9  10.7   7.8  -1.3  -3.4  -9.4 
1896  -6.1  -4.0  -2.9   1.6   5.9  11.6  13.8  10.4   7.2   0.5  -4.7  -8.5 
1897 -11.7  -5.9  -5.9   0.5   6.5  10.8  14.4  12.7   5.8   1.8  -4.4  -5.0 
1898  -2.3  -7.4  -6.1  -0.8   4.7  10.7   9.9  10.4   6.9   2.4  -4.6  -5.0 
1899  -9.4  -6.8  -6.9  -1.6   3.0  10.6  14.0  10.7   5.6   1.4   0.0  -9.8 
1900  -9.2 -14.6  -4.2  -1.1   4.2  13.4  11.3  10.6   6.2   0.2  -4.4  -6.4 
1901 -10.7 -10.1  -5.9   1.5   7.6  11.3  17.7  12.1   9.1   4.2  -6.0  -9.7 
1902  -5.0  -8.9  -5.1   0.0   3.6  10.6   8.8   8.4   4.7  -0.3  -5.6  -9.8 
1903  -9.8  -3.1  -1.2  -1.2   5.9   9.4  11.8   8.9   7.5  -1.0  -4.6  -8.0 
1904  -5.9 -11.7  -6.5   1.0   4.5   9.7  12.4  10.1   6.8   1.6  -6.3  -7.1 
1905  -9.0  -6.3  -2.9  -2.7   5.2  12.5  12.2   9.7   5.7  -3.4  -4.3  -3.1 
1906  -8.6  -6.2  -4.6   0.9   6.5  11.3  11.6  10.3   7.0   1.9  -0.7  -8.1 
1907  -7.3  -6.7  -2.7   0.5   4.1   9.7  10.5   8.0   6.1   5.3  -3.5  -9.0 
1908  -5.3  -4.5  -7.1  -0.2   5.2  10.3  12.5  10.9   6.9   2.1  -4.8  -6.0 
1909  -6.0  -8.1  -8.6  -0.9   3.1  10.3  11.2   9.3   6.3   3.6  -5.0  -9.6 
1910  -9.6  -4.6  -2.7   1.1   7.0  11.5  12.9  11.6   7.2   1.3  -6.4  -6.0 
1911  -7.2  -5.0  -4.9   0.3   8.7   9.9  12.2  11.8   7.0  -0.9  -5.9  -4.5 
1912 -10.4  -7.2  -1.9  -0.4   5.1  11.5  15.1  10.6   4.7   0.7  -4.8  -4.1 
1913 -12.2  -3.7  -3.0   1.6   7.6  10.6  12.6  10.4   7.3   3.1  -0.5  -8.1 
1914  -8.0  -2.0  -5.5   2.1   4.6  11.2  16.6  11.7   7.2   1.0  -4.9  -5.4 
1915  -8.8  -6.2  -5.9   0.6   3.3   8.3  11.3  10.6   5.3  -1.3  -6.2 -13.2 
1916  -5.5  -7.9  -6.8   1.6   6.5   9.5  13.0  10.5   5.6  -1.0  -2.0  -6.9 
1917 -14.6  -6.5  -7.0  -2.6   5.1  12.0  11.2  13.5   6.8   1.1  -3.0  -6.8 
1918  -9.6  -6.9  -2.9   1.4   7.4   8.4  12.6  10.8   4.5   2.8  -1.9  -7.9 
1919  -7.0  -8.6  -5.6  -0.3   8.7   9.7  14.3   8.5   6.6   0.4  -8.8 -10.3 
1920  -6.6  -3.2   0.0   1.6   7.0   9.9  11.5   9.7   7.1   0.8  -3.2  -7.2 
1921  -6.2  -6.0  -0.5   3.2   6.2   7.8  11.1   9.5   5.8   2.5  -5.9  -4.8 
1922 -10.6  -9.2  -3.5  -1.1   5.1   9.1  11.4   9.5   5.7  -0.2  -1.8  -3.7 
1923  -5.0 -11.3  -2.6  -1.2   3.5   5.8  12.5   9.3   5.9   1.5  -5.9  -9.4 
1924  -6.9  -8.9  -7.5  -1.7   4.8   8.8  12.3  11.1   7.3   3.2  -1.2  -1.6 
1925  -5.0  -5.0  -6.3   0.7   6.4  10.4  15.5  11.6   6.5  -0.4  -6.8 -10.4 
1926  -8.9  -8.3  -3.4   2.9   5.0  10.8  12.9  11.3   6.1  -3.0  -2.1  -6.4 
1927  -5.7  -6.5  -1.7  -1.5   2.3   7.8  13.9  12.1   6.2   0.7  -7.3 -12.9 
1928  -8.1  -6.6  -5.0   1.9   5.5   7.6   9.1  10.0   6.0   1.2  -3.9  -7.6 
1929 -11.4 -12.4   0.1  -1.6   6.5   8.6  11.2   8.8   6.8   1.8  -1.9  -3.0 
1930  -2.9  -6.1  -3.2   2.9   7.5  12.0  13.8  12.6   6.6   2.9  -3.9  -3.4 
1931  -8.8  -8.9  -6.8  -0.7   6.7   7.5  13.2  10.1   4.7   0.6  -0.4  -6.3 
1932  -2.8  -2.3  -6.3  -0.2   6.4   9.4  13.0  11.3   5.9  -1.0  -2.7  -3.2 
1933  -5.8  -8.0  -2.1   0.1   6.9  14.2  14.0  10.8   8.2   1.6  -6.5  -4.7 
1934  -3.0  -2.6  -3.6   0.3   6.3  10.5  13.7  12.2   8.8   2.4  -3.9  -3.2 
1935  -6.4  -5.6  -5.1  -0.4   3.9  10.7  12.3  12.2   5.9   1.0  -0.8  -7.6 
1936  -7.8  -8.8  -3.8  -0.5   6.6  12.5  13.1  11.3   6.0   0.1  -2.9  -2.8 
1937  -7.3 -10.8  -6.2   2.6   8.7  10.0  15.6  14.2   7.0   5.0  -5.0 -10.2 
1938  -5.5  -3.3   0.4   0.4   5.0   8.7  13.2  12.6   8.4   3.5   0.2  -6.2 
1939  -9.3  -2.3  -3.8  -0.1   5.4   9.7  12.2  13.9   8.5  -0.5  -2.6  -9.1 
1940 -12.3 -13.5  -6.5  -0.8   8.3  11.2  11.9   9.4   5.1   1.7  -2.9  -7.7 
1941 -14.5 -11.2  -5.7  -0.7   4.9  10.9  15.2  10.1   7.1   0.0  -4.2  -7.5 
1942 -16.8 -11.7  -7.9   2.0   5.3   8.8  11.2  11.2   6.6   1.6  -1.4  -5.4 
1943 -11.4  -3.2  -0.5   1.5   6.4  10.7  12.8   9.6   7.4   4.0  -4.0  -5.1 
1944  -6.4  -5.7  -4.5  -0.6   3.2   8.6  13.5  12.5   6.9   3.3  -4.2  -3.5 
1945 -11.8  -5.9   0.2   2.3   5.7  10.5  14.5  13.2   7.1   2.4  -4.8  -6.6 
1946  -8.5  -9.4  -4.5   2.7   7.4   9.8  13.5  11.3   7.2   1.0  -1.8  -5.3 
1947  -8.2 -16.7  -8.8   0.4   9.6  12.3  13.6  15.2   8.4   1.6  -6.7  -7.8 
1948 -11.6  -7.3   0.2   2.9   6.5   9.9  13.9  10.3   6.9  -0.4  -2.5  -2.2 
1949  -4.2  -3.4  -4.5   2.2   6.9  10.1  12.6  10.6  10.7   3.0  -2.6  -6.9 
1950  -9.1  -6.5  -2.1   1.4   6.2  10.1  11.9  12.3   7.0   2.5  -4.3  -9.6 
1951 -11.7  -7.1  -7.5  -0.7   5.8   9.2  10.4  11.9   8.1   2.9  -2.4  -2.5 
1952 -10.9  -5.8  -5.7   3.4   6.4   8.4  11.5   9.7   4.0   0.2  -6.4  -8.0 
1953  -7.5  -7.9   0.6   1.1   6.6  14.5  12.3  11.0   6.8   4.4   0.4  -4.3 
1954 -10.1 -12.3  -3.6  -0.2   8.4  10.2  11.5  11.2   6.2   1.2  -3.5  -4.4 
1955  -6.7 -10.4  -5.5  -1.0   3.3   8.7  15.3  14.3   8.2   0.5  -1.6  -8.6 
1956  -9.4 -10.3  -3.7  -0.5   6.8   9.0  12.1   8.8   7.8   1.5  -3.9  -5.4 
1957  -4.6  -7.5  -4.1   1.0   5.1   8.4  12.6  10.9   5.6   2.5  -3.0  -5.5 
1958 -10.7 -11.5  -9.1  -0.5   4.0  10.0  11.6  11.5   9.4   4.2  -0.7  -8.9 
1959  -9.3  -5.4  -0.7   2.1   6.8  10.8  13.7  12.5   7.8   2.9  -1.2  -5.5 
1960 -10.6 -10.2  -2.9   0.7   7.9  11.8  11.6  11.8   7.4  -0.6  -3.7  -8.0 
1961 -10.7  -3.3  -0.2   0.7   6.2  11.0  11.6   9.9   8.8   6.0  -1.3  -8.4 
1962  -5.7  -5.5  -8.0   0.2   4.4   8.0  11.2   9.2   6.2   3.6  -4.9  -8.5 
1963  -9.0 -12.2  -4.7   1.9   7.4  12.3  12.0  12.0   7.3   3.1  -3.5  -5.1 
1964  -4.9  -4.8  -4.3   2.0   7.3   9.0  10.2  10.3   6.4   2.0  -2.6  -6.7 
1965  -8.6  -4.0  -5.5   1.2   4.6  10.4  10.4  10.5   8.3   3.8  -7.2 -13.2 
1966 -14.6 -12.1  -3.3  -3.1   5.6  13.3  12.0  10.9   6.0   1.9  -4.1  -6.9 
1967 -10.5  -5.1  -1.4  -0.4   5.1   9.4  11.6  11.4   8.0   2.0  -0.1  -7.5 
1968  -9.8  -9.5  -3.2   1.1   4.0  11.4  11.9  12.0   7.9   0.8  -9.0  -8.9 
1969  -7.4 -13.7  -7.8   1.3   6.7  13.2  12.4  14.9   6.9   3.2  -7.2 -10.6 
1970 -11.8 -12.5  -5.5  -2.2   7.5  14.1  10.9  12.2   5.9   2.5  -5.4  -4.6 
1971  -6.2  -3.8  -5.4   0.2   7.2   9.1  11.7  11.2   6.5   1.8  -4.8  -2.8 
1972 -12.8  -8.8  -2.3   0.6   7.0  10.3  14.3  10.7   4.9   2.6  -2.7  -2.8 
1973  -2.4  -5.7   0.9  -1.7   5.9  11.0  13.3  10.0   5.5   0.0  -6.0  -5.8 
1974  -3.1  -4.0  -3.2   2.5   7.0  10.2  10.1  10.7   7.5   0.4  -4.6  -4.4 
1975  -3.8  -4.7  -3.9  -1.2   5.9   9.0  13.3  13.3   7.6   2.4  -1.2  -2.9 
1976  -9.4  -7.1  -6.5  -0.7   7.8  10.4  12.6  12.5   4.6   0.7  -3.7 -11.0 
1977 -13.1 -12.4  -2.3  -2.0   6.2  10.2  11.9  11.0   5.5   4.1  -2.8  -5.5 
1978  -7.8 -11.9  -4.4  -0.7   7.1  11.6  11.8  11.3   4.9   2.8  -2.6 -14.5 
1979 -15.4  -9.4  -3.9   0.7   4.7  11.8  10.6   9.9   6.0   1.1  -5.7 -10.2 
1980 -10.7 -10.9  -5.6   1.9   7.0  12.1  13.3  11.2   7.7  -1.0  -8.0  -6.5 
1981  -7.7  -9.2  -5.7  -0.2   8.1   8.6  11.9  10.4   8.4   0.8  -4.6 -15.0 
1982 -11.7  -6.1  -1.1   1.0   6.0   8.7  13.4  12.2   7.1   2.5  -2.7  -6.3 
1983  -4.5  -7.6  -3.3   0.6   6.7   9.4  12.8  11.3   7.4   2.3  -2.6  -5.0 
1984 -11.7  -6.3  -6.0   2.9   8.1  10.0  11.6  11.8   6.1   3.0  -2.3  -4.0 
1985 -11.1 -10.6  -4.3  -0.9   7.4  10.4  12.2  10.9   4.5   5.0  -8.1 -11.5 
1986 -13.0 -12.2  -1.5  -1.5   7.5  13.0  11.9   9.3   4.4   3.1  -0.4  -7.1 
1987 -15.0  -7.3  -7.7   2.3   5.0   8.3  11.8   9.4   5.5   3.9  -3.3  -5.3 
1988  -5.1  -6.1  -6.0  -1.6   7.8  13.2  13.2  11.5   8.0   0.8  -3.0  -5.3 
1989  -1.2  -2.3  -1.0   0.9   6.0  10.4  12.1   9.7   7.6   2.6  -0.8  -7.2 
1990  -5.0   0.2   0.0   1.8   7.4  11.5  11.9  11.6   5.8   2.7  -3.6  -4.5 
1991  -6.1  -9.6  -0.7   1.8   4.7   7.7  14.6  12.6   6.5   1.4  -2.4  -3.3 
1992  -2.5  -3.0  -1.2  -0.2   8.6  12.4  11.0   9.7   7.6  -2.5  -4.7  -4.5 
1993  -4.4  -3.1  -3.3   2.1   7.9   8.2  11.1   9.0   5.0   0.9  -6.7 -10.4 
1994  -9.0 -13.2  -3.9   1.9   5.6   8.4  16.0  11.2   6.0   1.2  -1.3  -4.3 
1995  -5.5  -5.2  -3.6  -0.8   5.1  10.2  12.4  11.4   7.5   4.8  -5.5 -10.1 
1996  -9.4  -9.5  -4.4   2.2   4.0  10.0  10.8  13.8   5.5   3.5  -8.1  -8.7 
1997  -5.0  -5.0  -2.2  -1.2   4.4  11.0  14.8  15.3   7.2   0.2  -2.6  -6.2 
1998  -4.7  -2.5  -4.2   0.2   6.4   9.3  11.2   9.8   8.7   0.6  -6.9  -5.7 
1999  -6.6  -5.6  -2.9   2.8   5.2  10.4  12.9  11.2  11.1   2.0   0.5 -10.1 
2000 -99.0 -99.0 -99.0 -99.0 -99.0 -99.0 -99.0 -99.0 -99.0 -99.0 -99.0 -99.0 
2001 -99.0 -99.0 -99.0 -99.0 -99.0 -99.0 -99.0 -99.0 -99.0 -99.0 -99.0 -99.0 
2002 -99.0 -99.0 -99.0 -99.0 -99.0 -99.0 -99.0 -99.0 -99.0 -99.0 -99.0 -99.0 
2003 -99.0 -99.0 -99.0 -99.0 -99.0 -99.0 -99.0 -99.0 -99.0 -99.0 -99.0 -99.0 
2004 -99.0 -99.0 -99.0 -99.0 -99.0 -99.0 -99.0 -99.0 -99.0 -99.0 -99.0 -99.0 
2005 -99.0 -99.0 -99.0 -99.0 -99.0 -99.0 -99.0 -99.0 -99.0 -99.0 -99.0 -99.0 
2006 -99.0 -99.0 -99.0 -99.0 -99.0 -99.0 -99.0 -99.0 -99.0 -99.0 -99.0 -99.0 
2007 -99.0 -99.0 -99.0 -99.0 -99.0 -99.0 -99.0 -99.0 -99.0 -99.0 -99.0 -99.0 
