Number= 014030
Name= Utsira Fyr
Country= NORWAY
Lat=   59.3
Long=   -4.9
Height= 55
Start year= 1867
End year= 2011
First Good year= 1867
Source ID= 34
Source file= Jones+Anders
Jones data to= 1999
Normals source= Data
Normals source start year= 1961
Normals source end year= 1990
Normals=   2.3   1.7   2.7   4.6   8.3  11.4  13.0  13.6  11.7   9.3   5.9   3.9 
Standard deviations source= Data
Standard deviations source start year= 1941
Standard deviations source end year= 1990
Standard deviations=   2.0   1.9   1.5   0.8   1.0   1.0   1.1   1.1   1.1   0.9   1.1   1.4 
Obs:
1867 -99.0 -99.0 -99.0 -99.0 -99.0 -99.0 -99.0 -99.0 -99.0 -99.0   4.9   1.9 
1868   1.1   3.0   3.3   4.9   9.9  12.3  13.9  16.0  11.7   8.1   4.1   3.6 
1869   2.9   3.2   1.3   4.9   6.6   8.3  12.4  12.2  10.9   7.2   3.4   1.9 
1870   2.2  -0.9   1.8   5.1   7.4  10.4  13.2  14.6  10.9   7.3   4.7  -0.1 
1871   0.7  -1.0   3.4   3.3   7.3  11.7  13.5  14.1  11.0   8.1   3.0   2.5 
1872   3.8   2.3   1.9   5.2   8.2  13.5  15.6  13.3  11.4   9.4   5.6   1.5 
1873   3.8   1.8   2.9   4.3   6.9  12.4  15.2  13.6  11.4   7.5   5.6   5.5 
1874   4.1   3.4   3.1   5.4   7.9  10.1  13.6  12.9  11.4   9.4   4.1   0.0 
1875   1.1  -0.5   2.4   5.0   8.7  12.2  14.6  14.5  12.7   6.8   3.0   3.5 
1876   2.8   0.4   1.4   4.2   6.9  12.0  12.6  13.6  11.8   8.8   3.1  -0.5 
1877   1.0   0.5   0.4   3.1   6.3  10.0  13.2  13.2  10.0   7.2   6.7   3.6 
1878   1.9   3.5   2.3   6.3   8.6  11.4  12.6  15.2  12.4   9.7   4.1  -0.1 
1879  -0.8  -0.8   0.9   3.9   6.6  10.7  13.5  14.6  11.6   8.2   4.0   2.6 
1880   2.7   2.9   2.7   5.0   7.2  11.4  13.3  15.2  13.7   5.8   4.5   2.0 
1881  -0.8  -1.1  -0.8   2.8   7.8  10.0  12.5  11.5  12.1   6.7   6.4   4.5 
1882   4.3   3.7   3.9   5.1   8.4  12.4  14.6  13.9  13.3   9.2   3.4   0.4 
1883   1.8   2.3   0.3   5.7   6.6  10.9  15.0  13.8  12.3   8.9   5.9   4.1 
1884   4.2   3.1   3.2   5.4   7.4  10.4  14.0  15.5  13.5   9.3   4.9   3.7 
1885   1.8   3.1   2.1   5.3   7.0   3.9  12.7  12.4  10.7   6.5   4.8   3.8 
1886   1.5  -0.2   0.6   4.6   7.3  11.2  12.0  12.8  11.3   9.9   7.2   1.9 
1887   3.5   3.7   3.3   3.8   7.9  10.6  12.7  12.2  11.6   6.9   4.7   2.1 
1888   3.4  -0.4  -0.8   3.0   6.6  10.3  11.8  12.1  11.4   6.9   4.0   4.3 
1889   3.0   0.1   0.8   4.3  11.9  14.2  12.6  12.9  11.0   9.1   6.8   3.8 
1890   4.5   2.1   3.6   5.3  11.0  11.0  11.8  13.4  12.6   8.4   5.6   1.6 
1891   0.7   3.1   1.1   4.5   7.6  11.5  14.9  13.6  12.1   9.9   5.8   4.5 
1892   1.5   1.1   1.8   4.0   6.6   9.8  11.7  12.1  10.8   8.1   6.2   2.2 
1893  -0.6   0.6   3.2   4.5   8.7  10.6  13.9  13.9  10.5   8.9   4.6   4.9 
1894   2.6   3.0   4.4   7.2   7.6  11.8  15.4  14.2  11.4   7.4   7.1   4.6 
1895  -0.2  -2.0   2.0   4.5  10.1  11.8  13.3  14.4  12.6   6.9   6.0   2.4 
1896   3.2   3.3   2.8   5.1   7.9  12.4  13.8  13.2  12.5   7.9   5.8   2.8 
1897  -0.1   1.7   2.2   4.3   7.3  11.3  13.3  15.4  11.5   9.1   5.6   4.3 
1898   4.9   2.1   2.2   4.5   7.3  11.3  10.9  12.5  11.7   9.0   5.4   5.2 
1899   2.7   2.6   1.7   4.2   7.7  11.1  14.7  12.7  11.0   8.6   7.8   1.8 
1900   1.9  -2.1   2.0   3.7   6.6  11.3  12.7  13.4  11.2   8.0   5.5   4.7 
1901   2.5   0.4   1.7   5.6   8.3  10.9  15.3  14.5  13.6   9.7   4.5   2.5 
1902   3.6   0.6   2.7   4.4   6.9  12.0  10.7  10.4  10.0   8.1   5.1   2.1 
1903   1.9   3.4   4.0   4.6   8.0  10.4  12.7  12.4  12.1   7.8   4.9   3.0 
1904   2.7  -0.1   1.5   4.8   7.7  10.3  12.7  13.3  12.6   8.9   5.0   4.2 
1905   3.1   2.9   3.8   3.6   7.0  12.9  13.8  13.8  11.7   6.2   4.6   5.0 
1906   3.2   2.0   2.3   5.1   7.9  11.3  13.1  13.8  12.8   9.2   7.4   3.1 
1907   2.3   1.8   3.1   5.0   7.4  10.5  11.4  11.3  10.3  10.6   5.7   3.1 
1908   3.0   3.0   2.2   4.7   7.9  11.2  13.5  12.9  12.0  10.2   5.8   3.9 
1909   3.7   2.3   0.8   3.9   6.9  10.3  11.9  12.0  11.4   9.5   5.0   3.0 
1910   1.9   3.0   3.4   4.8  10.0  12.6  12.9  15.2  12.4   9.1   3.5   4.5 
1911   3.0   3.1   2.7   4.6  10.3  12.5  13.6  14.9  11.6   7.8   5.1   4.9 
1912   0.6   1.7   3.9   4.8   7.2  11.0  15.1  14.1  10.9   8.5   5.0   5.4 
1913   1.7   3.2   3.7   5.4   8.4  11.6  12.0  12.4  12.6   9.3   7.7   4.1 
1914   2.7   4.8   3.1   6.0   7.2  11.4  16.2  15.7  12.4   8.8   5.3   4.2 
1915   2.0   2.1   1.2   4.8   7.1  10.0  12.3  14.1  11.3   7.5   3.7   0.4 
1916   3.8   2.1   1.0   5.1   8.2  10.3  13.1  12.9  11.1   8.0   6.8   4.0 
1917  -1.1   1.8   0.3   2.8   8.1  12.6  13.0  16.5  12.4   7.9   6.2   3.0 
1918   1.0   2.5   3.0   5.7   9.9  10.1  13.2  14.2  10.1   9.6   7.0   4.0 
1919   2.5   0.2   1.9   4.3   9.7  10.5  13.1  11.8  11.1   7.6   2.2   1.4 
1920   2.0   3.3   4.4   5.6   8.9  11.3  13.9  12.5  11.7   8.8   6.7   3.1 
1921   3.7   3.3   4.3   6.9   8.2   9.1  11.1  12.3  10.7   9.5   3.9   5.1 
1922   1.0   1.0   2.4   3.9   6.6  10.2  12.3  12.5  11.0   7.3   5.3   4.6 
1923   3.8   0.1   2.9   4.0   6.5   7.7  13.0  12.2  10.8   8.7   4.0   1.4 
1924   1.4   0.9   0.4   3.4   6.8   9.6  12.6  14.4  12.4   9.7   7.3   6.5 
1925   4.8   3.8   2.0   5.6  10.0  10.7  16.3  14.3  11.0   7.3   4.1   1.6 
1926   2.3   1.4   2.8   6.0   7.7  13.0  14.3  13.6  11.7   5.9   6.4   3.9 
1927   3.4   2.9   4.0   3.4   6.0   9.2  14.2  15.2  12.3   8.3   3.7   0.0 
1928   2.5   2.7   2.2   5.6   8.0   8.7  11.2  12.4  11.0   8.9   6.2   3.3 
1929   0.6  -2.2   4.0   4.0   8.1   9.9  12.5  12.4  11.5   8.5   6.7   5.2 
1930   4.8   1.6   2.8   6.5   8.9  13.2  15.5  15.0  12.7   9.0   5.3   4.7 
1931   2.3   0.7   0.1   4.0   8.2   9.7  13.2  12.7  10.1   7.8   6.9   3.8 
1932   4.9   3.9   1.9   4.3   9.3  10.7  14.0  14.1  11.1   7.5   6.0   5.1 
1933   3.5   1.4   3.0   4.9   9.1  14.9  15.4  14.6  13.7   9.5   5.0   4.1 
1934   4.9   4.6   3.7   5.2   7.5  11.0  14.1  14.8  13.9   9.4   6.2   6.3 
1935   3.5   2.9   3.1   4.7   7.1  11.5  13.4  14.0  12.1   8.7   7.0   3.1 
1936   2.4   1.3   3.4   4.1   9.9  12.5  15.7  14.7  12.5   8.5   6.2   5.3 
1937   2.3   1.0   0.6   5.7   8.9  11.1  14.3  16.3  12.2  10.8   5.3   1.4 
1938   3.4   3.2   5.1   5.1   7.5  10.1  13.1  15.6  12.9  10.1   7.7   3.9 
1939   2.4   3.9   3.5   5.0   8.6  10.8  13.6  16.3  13.9   7.7   6.5   2.5 
1940   0.3  -1.2   2.0   4.3  10.1  12.3  13.9  11.8   9.8   8.6   5.7   3.3 
1941  -1.5  -0.9   0.6   3.9   7.2  10.8  15.5  13.5  11.8   8.2   5.1   4.6 
1942  -3.2  -1.3  -0.7   4.7   7.4   9.6  12.1  13.9  11.9   8.8   6.3   5.3 
1943   1.8   4.1   5.3   5.5   8.5  12.1  13.1  13.0  12.4  10.5   6.3   4.5 
1944   4.9   3.0   3.3   5.4   7.6  10.5  14.5  14.5  12.3   9.7   5.9   4.4 
1945   0.5   3.4   5.2   6.0   9.3  11.5  15.3  15.3  12.8  10.6   7.0   3.9 
1946   3.1   2.3   2.2   5.6   9.3  11.6  14.8  14.4  13.0   9.1   6.6   4.2 
1947   0.6  -3.4  -0.3   4.3  11.0  12.8  15.5  16.2  13.4   8.9   5.2   4.1 
1948   1.6   1.9   4.3   6.8   9.3  11.7  13.8  13.8  11.7   8.0   6.5   6.4 
1949   4.6   4.9   2.8   5.6   8.0  10.1  12.7  12.9  15.1  10.2   7.4   5.2 
1950   2.9   2.3   4.1   5.4   9.4  11.6  14.9  15.7  12.2   9.4   5.7   2.0 
1951   1.9   1.7   0.7   3.6   8.3  10.4  12.4  14.5  13.2  10.9   7.4   5.6 
1952   2.2   2.6   2.0   5.6   8.9   9.7  12.8  13.6  10.0   7.8   3.3   3.5 
1953   3.0   1.2   4.4   4.5   8.1  14.4  14.4  14.3  12.8  10.8   8.3   5.9 
1954   2.3  -0.1   2.1   4.7  10.2  11.4  12.9  14.4  11.0   8.7   6.3   5.0 
1955   1.9  -0.5   1.7   3.8   6.1   9.9  14.3  15.0  13.3   8.6   7.2   2.4 
1956   1.7  -0.8   1.9   4.0   8.0  10.4  13.7  12.7  12.7   8.4   6.2   4.5 
1957   4.1   2.4   3.4   4.9   7.7  10.0  12.8  13.5  11.1   9.2   5.9   4.4 
1958   1.9  -0.5  -0.2   3.7   6.8  11.6  14.0  13.9  13.9  10.7   8.0   3.4 
1959   0.8   2.2   4.1   5.6   8.8  11.7  14.1  15.4  12.2  10.5   7.5   4.2 
1960   1.1   1.2   3.5   5.2   9.2  11.6  12.9  15.0  13.2   8.9   5.8   3.5 
1961   1.9   3.6   4.5   5.9   8.2  10.9  12.5  13.1  13.0  11.3   7.0   3.0 
1962   4.3   3.1   0.7   4.4   7.1  10.0  11.9  12.4  11.3   9.7   5.2   2.6 
1963  -0.5  -1.5   2.1   4.6   7.8  12.8  12.6  14.4  12.2   9.3   6.4   3.8 
1964   4.1   2.9   2.9   5.5   8.7  10.5  11.7  12.2  10.7   8.9   6.8   4.1 
1965   2.6   3.0   2.4   5.0   7.8  11.4  12.1  12.8  13.1  10.4   3.3   1.8 
1966  -0.1  -0.9   2.4   3.1   7.2  13.0  12.4  13.3  11.5   9.3   5.3   3.2 
1967   1.9   3.1   3.9   4.6   7.4  10.0  13.5  14.0  13.3   9.5   7.5   3.9 
1968   1.5   1.3   3.3   5.1   7.9  12.4  13.0  12.8  13.9   9.1   4.8   3.0 
1969   2.7  -1.5   1.0   5.0   7.9  12.3  13.2  16.7  12.0   9.6   4.1   2.1 
1970   0.5  -1.3   1.1   3.1   8.4  12.3  12.3  14.6  11.5   9.1   5.6   4.4 
1971   3.6   3.2   1.8   4.9   8.9  10.7  12.5  13.9  12.0   9.4   5.1   6.1 
1972   1.1   1.6   3.5   5.1   9.3  11.1  13.9  13.0  10.6   9.0   6.0   6.1 
1973   4.8   3.1   5.1   4.4   8.3  11.3  14.1  12.8  11.6   7.3   4.7   3.6 
1974   4.7   3.7   4.1   5.9   9.9  12.2  12.4  14.1  12.3   8.3   6.5   5.5 
1975   5.1   3.5   2.9   4.4   8.2  10.1  13.2  16.5  12.1   9.4   7.2   5.3 
1976   2.2   2.5   1.2   4.6   9.0  11.9  14.6  13.5  10.7   9.1   6.3   1.7 
1977   1.6   0.8   3.4   3.3   7.7   9.5  11.2  13.8  10.5  10.0   5.9   5.3 
1978   3.4  -0.3   2.1   4.0   9.0  12.1  12.6  13.8  10.4   9.2   6.8   1.0 
1979  -0.6  -0.3   2.0   4.3   6.1  10.9  11.6  13.0  10.9   8.9   5.3   2.9 
1980   1.0   0.4   1.2   4.6   8.2  12.8  15.0  14.2  12.6   7.6   4.7   4.3 
1981   1.8   1.5   1.7   3.8   9.8  10.3  13.0  12.9  13.1   8.4   6.2  -0.8 
1982   0.6   1.9   3.4   4.5   7.8  12.1  14.1  14.4  11.7  10.0   7.0   4.6 
1983   5.1   1.7   3.6   5.2   8.3  10.8  13.5  12.5  11.6   8.9   6.3   4.5 
1984   1.6   1.8   1.7   4.5   8.9  11.7  11.8  14.2  11.5  10.1   7.6   5.3 
1985  -0.4   0.4   2.0   4.0   8.9  10.5  13.7  13.8  10.6  10.3   3.4   3.2 
1986   0.3  -1.0   3.0   3.3   8.0  11.4  12.3  12.8   9.4   9.0   7.4   4.5 
1987  -0.7   2.2   0.6   4.7   7.2   9.9  13.4  12.7  11.3   9.9   6.4   5.4 
1988   4.5   3.2   2.5   3.9   9.7  11.4  14.5  14.1  12.5   9.1   5.8   5.3 
1989   6.1   4.7   4.8   5.3   8.6  12.2  13.1  12.5  12.2   9.7   7.2   4.9 
1990   5.5   5.5   5.3   6.3   9.8  12.2  13.6  14.5  11.2  10.1   6.6   5.2 
1991   4.3   0.8   4.5   5.7   7.8   9.9  14.7  15.1  12.0   9.5   6.6   6.0 
1992   5.6   4.5   4.1   5.0  10.4  14.8  13.3  13.5  12.7   7.4   6.0   5.3 
1993   4.1   3.8   3.4   6.2  10.1  10.6  11.6  12.7  11.2   8.2   4.1   2.7 
1994   3.1  -0.1   2.5   5.0   8.7  10.0  15.2  14.8  12.1   8.0   7.5   5.9 
1995   3.6   3.3   3.1   4.7   7.5  11.2  13.6  14.3  12.6  10.7   6.0   1.9 
1996   1.7   0.6   2.3   5.1   6.9   9.9  11.7  16.0  12.4  10.2   4.4   2.6 
1997   3.4   4.0   3.8   4.5   8.1  12.5  16.2  18.0  12.4   8.1   6.0   4.5 
1998   3.6   5.1   3.3   4.8   9.1  11.0  12.6  13.0  13.0   8.3   4.4   4.6 
1999   3.2   2.6   3.6   6.2   9.0  11.8  14.2  14.9  15.2   9.8   8.1   3.6 
2000 -99.0 -99.0 -99.0 -99.0 -99.0 -99.0 -99.0 -99.0 -99.0 -99.0 -99.0 -99.0 
2001 -99.0 -99.0 -99.0 -99.0 -99.0 -99.0  15.0  14.5  12.5  11.4   6.0   3.3 
2002   4.2   3.7   3.9   6.1  10.5  13.8  14.1  18.1  14.0   7.1   4.3   1.8 
2003   2.9   1.7   2.9   6.8   8.2  12.9  16.9  15.7  13.0   7.8   8.0   5.3 
2004   2.9   3.2   4.2   6.7   9.1  11.5  13.7  16.8  12.9  10.1   6.4   6.1 
2005   5.1   2.8   2.9   6.3   8.1  10.8  14.2  13.2  12.7  11.1   7.5   4.8 
2006   3.6   2.5   0.5   4.8   9.7  11.3  16.4  16.8  15.4  11.9   8.5   7.6 
2007   5.3   2.6   5.7   6.6   8.7  13.5  13.8  13.7  10.9   9.7   5.9   5.2 
2008   4.4   4.9   3.4   6.3  10.2  13.0  16.6  15.6  13.1   9.3   6.5   4.5 
2009   3.4   1.4   4.2   7.1   9.5  12.3  15.8  15.1  13.0   8.6   7.5   2.7 
2010  -0.6  -0.2   3.6   5.8   7.6  10.7  14.2  15.0  12.6   9.1   2.9  -0.4 
2011   2.6   0.7   2.5   6.7   9.3 -99.0 -99.0 -99.0 -99.0 -99.0 -99.0 -99.0 
