Number= 014820
Name= Ferder Fyr
Country= NORWAY
Lat=   59.0
Long=  -10.5
Height= 6
Start year= 1885
End year= 2007
First Good year= 1885
Source ID= 34
Source file= Jones+Anders
Jones data to= 1999
Normals source= Data
Normals source start year= 1961
Normals source end year= 1990
Normals=  -0.7  -1.5   0.8   4.5  10.0  14.8  16.5  16.2  12.9   9.2   4.6   1.4 
Standard deviations source= Data
Standard deviations source start year= 1941
Standard deviations source end year= 1990
Standard deviations=   3.0   3.3   2.3   1.3   1.1   1.2   1.2   1.3   1.0   1.2   1.5   2.1 
Obs:
1885 -99.0 -99.0 -99.0 -99.0 -99.0 -99.0 -99.0 -99.0 -99.0 -99.0   2.9   2.6 
1886  -0.4  -2.7  -2.2   3.8   8.9  14.3  15.5  15.4  13.0   8.3   6.3  -0.6 
1887   1.0   1.7   1.3   4.4   9.7  14.9  15.6  15.2  12.7   7.3   3.0  -0.4 
1888   0.3  -4.2  -5.0   1.3   8.2  14.6  16.2  14.5  12.6   7.5   2.7   3.0 
1889   1.3  -2.4  -1.3   3.9  13.8  18.6  16.5  15.3  11.9   8.5   5.0   1.2 
1890   3.3  -0.1   2.0   4.6  11.9  13.1  14.6  15.3  13.9   8.2   3.6  -1.4 
1891  -2.1   1.7  -0.1   3.9   9.1  14.3  17.3  15.1  13.2  10.2   3.0   2.2 
1892  -1.9  -1.9  -0.1   4.4   8.5  13.8  16.3  15.2  13.0   7.8   4.6  -0.2 
1893  -4.8  -6.9   1.3   5.2  10.6  14.9  17.4  16.5  12.1   8.9   3.1   3.2 
1894   0.2   1.2   3.1   6.3   8.5  14.5  17.6  15.4  11.7   6.5   5.4   2.3 
1895  -3.2  -4.8  -0.3   4.5  12.9  14.7  15.1  15.5  13.8   6.5   3.6   0.1 
1896   0.3   1.4   1.1   5.0  11.3  17.1  18.0  15.5  12.8   8.0   2.5  -0.8 
1897  -3.6  -0.6  -0.6   4.4  10.0  14.8  17.4  17.7  12.8   7.6   4.4   2.4 
1898   3.5  -0.2   0.2   3.6   8.3  14.4  14.8  14.5  12.6   8.0   4.0   3.5 
1899  -1.4  -0.2   0.0   3.9   8.9  14.2  19.1  16.4  12.3   9.1   7.5  -0.4 
1900  -1.7  -5.8  -0.3   3.0   7.7  15.8  16.2  16.4  12.7   8.5   3.4   1.4 
1901  -1.3  -2.9  -0.7   4.6  11.4  14.2  20.5  17.2  13.4  10.4   3.3   0.2 
1902   2.1  -1.9   0.0   3.6   7.5  13.7  13.8  13.4  11.1   6.5   2.9  -2.0 
1903  -2.1   2.6   3.5   3.7   9.7  14.8  15.6  14.7  12.5   6.0   3.6   0.2 
1904   0.5  -3.2  -1.1   4.0   8.4  14.2  16.1  15.8  12.7   8.8   3.0   1.7 
1905   1.1   1.3   1.8   3.4   9.6  16.3  17.7  15.0  12.1   5.3   3.2   2.9 
1906   0.6   0.1   1.0   4.6   9.8  16.2  16.3  15.9  13.1   8.7   5.9   1.0 
1907  -0.8  -0.5   1.9   4.6   8.2  12.4  14.9  13.9  11.8  10.7   4.4  -1.3 
1908   1.4   2.4  -1.1   4.1   8.5  15.0  17.0  16.3  12.1   9.5   3.4   1.9 
1909   1.4  -2.0  -2.3   2.4   7.2  13.5  15.5  14.9  12.0  10.5   2.6   0.5 
1910  -0.3   1.2   2.3   5.1  11.0  15.9  16.6  16.4  13.3   8.5   2.3   1.6 
1911   1.4   1.0   1.8   4.9  11.8  14.4  17.0  17.6  13.9   7.1   4.0   2.7 
1912  -3.0  -2.6   2.3   4.2   9.9  14.1  18.2  15.3  11.1   7.0   3.3   3.6 
1913  -1.1   1.0   2.7   5.0  10.9  14.3  16.9  15.0  12.9   8.9   6.8   1.8 
1914  -0.9   2.4   0.8   6.0   9.2  15.3  19.8  17.1  13.8   7.4   3.2   3.3 
1915  -2.3  -0.8  -1.2   4.6   8.7  12.9  15.1  16.0  11.6   5.2   1.8  -4.5 
1916   1.5  -0.1  -1.9   4.4   9.6  12.2  17.4  15.3  11.9   6.8   5.8   0.8 
1917  -5.0  -2.2  -2.9   2.3   8.6  15.8  16.1  17.5  13.6   8.2   5.2   1.0 
1918  -1.5   0.0   0.4   4.5  11.0  12.7  16.4  16.3  11.3   9.5   4.9   1.2 
1919   0.2  -3.6  -0.1   4.1  11.9  13.2  17.8  14.3  12.6   7.2  -0.4  -1.7 
1920  -0.7   1.9   3.5   4.9   9.9  14.8  16.0  14.6  12.3   6.8   4.8   0.2 
1921   1.4   0.3   3.9   7.4  10.9  13.4  16.0  14.8  12.0   9.9   1.8   2.3 
1922  -2.8  -3.3  -0.2   2.6   8.3  13.4  15.1  14.6  12.0   7.0   4.6   2.8 
1923   2.8  -3.0  -0.3   3.5   7.8  11.0  15.9  14.5  12.1   9.2   2.8  -1.2 
1924  -2.3  -2.4  -1.9   2.4   7.5  13.0  15.5  16.0  13.7   9.6   5.5   4.8 
1925   3.8   2.3  -0.1   5.3   9.9  14.3  19.7  17.2  12.7   7.8   1.1  -2.1 
1926  -1.0  -3.4   1.6   5.5   9.8  14.5  18.6  17.1  12.9   5.7   5.3   1.0 
1927   1.7  -0.4   2.5   4.1   7.3  11.4  18.1  17.4  12.8   8.2   1.4  -3.7 
1928  -0.8  -0.2  -0.1   3.9   9.7  11.7  14.2  14.9  12.4   8.1   4.5   1.5 
1929  -2.5  -5.9   2.0   2.4   8.6  12.5  16.0  14.7  13.6   9.0   5.8   4.3 
1930   3.6  -0.5   1.4   5.6  10.7  15.4  17.8  17.1  12.4   9.3   5.5   2.8 
1931  -1.7  -1.2  -1.5   3.3   9.3  12.1  15.7  15.0  11.1   8.4   5.8   2.3 
1932   3.9   1.8   0.1   4.6   9.6  13.7  17.3  17.2  13.2   7.0   4.4   3.7 
1933   0.0  -0.6   1.0   5.1   9.6  17.5  18.6  16.6  13.9   9.4   3.1  -0.7 
1934   2.6   3.3   2.7   4.8  10.2  14.0  17.9  17.2  14.6  10.5   5.0   4.3 
1935   0.2   1.7   1.3   5.0   9.0  14.2  17.6  16.7  12.9   9.1   6.1   0.9 
1936  -0.1  -1.8   0.6   3.8  10.9  16.3  17.7  17.2  12.4   7.8   5.4   4.7 
1937   0.3  -2.8  -1.8   5.0  10.6  13.7  18.0  19.1  13.9  10.8   4.1  -1.9 
1938   0.7   1.9   5.1   6.1   9.0  12.8  16.4  18.3  14.2  10.4   8.0   1.3 
1939  -1.0   2.3   2.0   5.3  10.1  14.6  16.0  18.3  14.7   6.2   5.1  -0.6 
1940  -3.5  -6.3  -1.4   2.6  10.5  16.4  16.6  15.3  11.7   7.4   4.3   1.0 
1941  -7.2  -5.9  -1.8   2.5   8.8  14.7  18.8  15.8  13.0   7.7   2.9   0.7 
1942  -7.9  -5.8  -5.7   2.9   8.5  12.5  15.9  15.6  13.0   9.6   5.2   2.9 
1943  -2.4   2.4   4.0   6.4  10.8  14.9  16.9  15.2  13.5  10.5   4.9   1.7 
1944   2.8   0.8   1.5   4.3   8.3  12.6  17.7  18.2  12.9   9.5   4.0   3.0 
1945  -1.3   0.0   3.3   6.5   9.5  13.9  18.1  18.0  13.3  10.0   3.9   1.4 
1946  -0.3  -0.5  -0.3   6.2  11.1  13.4  17.3  16.0  13.8   7.5   5.3   1.7 
1947  -2.0  -9.6  -2.5   4.1  12.6  16.0  18.2  19.7  15.4   9.3   1.7   1.5 
1948  -2.8  -1.5   2.2   6.9  10.9  14.4  17.2  16.4  13.0   8.4   4.5   4.7 
1949   3.2   3.3   1.4   5.8  10.7  14.4  18.6  15.8  15.7  10.1   5.3   3.5 
1950  -1.6   0.2   2.9   6.1  11.8  14.2  16.6  17.3  13.4   9.3   3.3  -0.5 
1951  -2.2  -0.7  -1.6   3.8   9.3  14.1  15.6  16.4  13.8  10.0   5.4   5.1 
1952   0.7   0.6  -0.3   5.6  10.0  12.4  16.1  15.6  11.0   6.6   1.5   1.0 
1953  -0.4  -2.0   2.9   5.5  10.2  17.1  17.0  15.9  12.9  10.8   7.1   3.5 
1954  -0.2  -4.3  -0.6   3.9  10.9  14.1  15.6  15.8  12.9   8.7   4.5   3.0 
1955  -0.4  -2.7  -0.8   3.5   7.9  13.5  19.8  19.1  14.6   8.7   5.8   0.5 
1956  -2.1  -5.5  -0.8   3.9   9.9  13.5  16.7  14.4  12.7   9.0   3.0   3.1 
1957   1.4  -0.1   0.8   4.9   8.6  13.8  17.3  16.3  11.9  10.0   4.8   2.5 
1958  -1.2  -3.6  -2.4   2.9   8.3  14.5  17.3  15.5  14.5  11.0   5.8   0.8 
1959  -2.1   0.2   2.7   5.5  11.4  14.8  18.4  18.6  14.1   9.5   6.1   2.1 
1960  -1.0  -3.3   0.9   4.9  11.6  15.1  15.1  15.9  13.1   6.7   3.3   1.4 
1961  -0.7   1.5   4.5   5.8  10.5  15.3  16.1  14.9  14.1  11.9   6.0   0.1 
1962   1.7   1.6  -1.9   4.6   8.5  13.0  14.9  14.2  12.0   9.8   3.5  -1.0 
1963  -3.8  -6.0  -3.0   3.0   9.4  16.0  15.8  15.8  13.3   9.6   4.6   0.5 
1964   0.8  -0.8   0.3   4.7  10.8  12.8  14.6  15.5  12.1   8.5   5.3   1.9 
1965   0.4   0.7   0.6   4.3   8.9  14.3  14.9  14.8  13.5  10.0   1.1  -2.8 
1966  -4.8  -7.6   0.8   1.6   9.1  16.1  16.9  15.5  13.2   8.4   4.6   1.2 
1967  -2.8  -0.6   3.9   4.7   8.7  14.0  16.7  16.6  13.9  10.2   7.2   0.8 
1968  -1.9  -1.5   2.3   5.8   9.2  15.7  16.4  17.2  13.7   8.3   1.5  -0.7 
1969  -1.0  -4.7  -1.3   4.1   9.0  16.3  16.6  18.7  14.0  10.1   3.8  -0.6 
1970  -4.4  -8.8  -0.6   2.7  10.3  17.3  15.3  16.7  12.6   9.2   3.4   2.5 
1971   0.7   1.4  -0.2   4.2  10.2  14.2  16.8  16.0  13.3  10.1   4.3   5.2 
1972  -2.9  -1.7   0.5   5.5  10.3  14.0  18.1  15.9  12.1   9.2   5.6   5.2 
1973   1.8   2.1   4.2   5.0   9.6  15.0  18.7  15.8  12.3   7.0   3.6   1.8 
1974   2.5   2.0   2.2   7.1  11.0  14.9  15.7  15.9  13.8   7.1   4.8   3.7 
1975   3.6   0.3   2.0   4.8  10.3  13.9  17.3  19.2  14.3   9.7   5.8   5.0 
1976   0.4  -0.3  -0.6   4.7  10.3  14.7  18.4  17.8  11.7   7.5   4.5  -0.2 
1977  -1.2  -3.7   1.2   3.1  10.3  14.6  16.2  16.2  12.2   9.7   5.3   2.2 
1978   1.7  -3.8  -0.3   4.0  10.7  15.2  15.5  16.2  11.3   9.5   7.1  -4.2 
1979  -5.1  -4.2   0.0   3.7   7.8  14.7  15.6  15.0  12.8   7.4   3.9   0.4 
1980  -3.0  -5.3  -1.1   4.5  11.2  15.8  17.9  16.5  13.6   7.7   2.8   3.0 
1981  -0.2  -1.0  -0.9   4.6  11.0  12.9  16.4  16.0  13.6   8.4   4.9  -3.8 
1982  -4.8  -1.6   2.3   5.5   9.2  14.4  18.0  17.6  13.6   9.1   6.6   3.2 
1983   4.3  -1.1   2.1   5.3  10.1  14.0  17.9  16.8  13.5  10.1   5.1   2.4 
1984  -0.9  -0.8   0.0   4.5  11.5  14.5  16.1  17.1  12.0  10.7   5.7   3.4 
1985  -5.1  -5.8  -0.2   2.9  10.3  14.6  16.6  15.8  11.6  10.3   1.7  -1.3 
1986  -2.6  -4.9   0.6   2.7   9.8  15.2  16.1  14.6  11.3   9.5   7.4   2.0 
1987  -6.6  -1.5  -3.1   4.0   9.1  12.1  15.9  13.9  12.1   9.7   3.9   2.5 
1988   3.0   1.5   0.6   3.9  11.7  17.8  17.3  16.2  14.3   8.1   4.3   2.6 
1989   5.6   4.7   4.7   5.3  10.7  15.4  17.0  15.3  13.4   9.8   6.1   2.3 
1990   3.8   5.1   5.8   7.1  11.8  15.3  16.6  17.0  12.6   9.2   3.7   3.4 
1991   1.1  -1.5   2.2   5.6   9.9  12.2  17.6  17.7  13.8   9.3   6.1   4.7 
1992   4.0   2.8   3.9   4.4  12.2  17.9  17.2  15.5  13.1   6.2   4.6   3.4 
1993   2.8   1.7   2.4   5.9  12.5  13.8  14.7  14.3  10.8   7.0   2.2   0.8 
1994  -0.2  -4.6   1.0   6.1  10.7  13.3  19.3  17.2  12.4   8.1   5.5   4.5 
1995   1.5   2.8   2.5   4.7   9.1  14.6  17.0  18.7  12.6  11.0   3.8  -1.6 
1996  -2.9  -3.9   0.2   4.3   8.0  13.4  15.9  18.2  12.3  10.0   4.3  -0.2 
1997  -0.6   1.7   3.3   5.1   9.0  15.8  19.3  20.7  14.7   8.3   4.5   1.3 
1998   1.8   3.7   2.5   4.3  10.8  13.4  15.7  15.3  13.3   8.3   1.8   2.9 
1999   0.3   0.7   1.8   6.3   9.3  14.1  17.8  17.2  15.6   9.4   6.8   1.6 
2000 -99.0 -99.0 -99.0 -99.0 -99.0 -99.0 -99.0 -99.0 -99.0 -99.0 -99.0 -99.0 
2001 -99.0 -99.0 -99.0 -99.0 -99.0 -99.0 -99.0 -99.0 -99.0 -99.0 -99.0 -99.0 
2002 -99.0 -99.0 -99.0 -99.0 -99.0 -99.0 -99.0 -99.0 -99.0 -99.0 -99.0 -99.0 
2003 -99.0 -99.0 -99.0 -99.0 -99.0 -99.0 -99.0 -99.0 -99.0 -99.0 -99.0 -99.0 
2004 -99.0 -99.0 -99.0 -99.0 -99.0 -99.0 -99.0 -99.0 -99.0 -99.0 -99.0 -99.0 
2005 -99.0 -99.0 -99.0 -99.0 -99.0 -99.0 -99.0 -99.0 -99.0 -99.0 -99.0 -99.0 
2006 -99.0 -99.0 -99.0 -99.0 -99.0 -99.0 -99.0 -99.0 -99.0 -99.0 -99.0 -99.0 
2007 -99.0 -99.0 -99.0 -99.0 -99.0 -99.0 -99.0 -99.0 -99.0 -99.0 -99.0 -99.0 
