Number= 014920
Name= Oslo-Blindern
Country= NORWAY
Lat=   60.0
Long=  -10.7
Height= 94
Start year= 1816
End year= 2011
First Good year= 1816
Source ID= 34
Source file= Jones+Anders
Jones data to= 2001
Normals source= Data
Normals source start year= 1961
Normals source end year= 1990
Normals=  -4.3  -4.0  -0.2   4.5  10.8  15.2  16.4  15.2  10.8   6.3   0.7  -3.1 
Standard deviations source= Data
Standard deviations source start year= 1941
Standard deviations source end year= 1990
Standard deviations=   3.3   3.4   2.3   1.3   1.3   1.5   1.4   1.6   1.2   1.3   1.7   2.4 
Obs:
1816  -5.8  -8.0  -5.4   1.3   5.5  12.5  15.8  11.7   8.5   2.4  -1.8  -4.3 
1817  -2.6  -1.8  -3.1   1.6   7.6  11.6  13.5  11.6  10.3   0.6  -0.4 -10.1 
1818  -6.1  -5.1  -2.1  -0.8   7.2  13.5  16.5  11.7   9.7   6.0   1.6  -0.5 
1819  -1.5  -3.3  -1.3   3.3   8.4  13.7  17.5  16.9  11.3   2.6  -4.4  -6.5 
1820 -10.6  -5.6  -3.1   3.5   8.1  12.4  16.4  13.4   9.3   4.4  -1.0  -8.0 
1821  -9.1  -3.9  -2.6   4.0   7.3  11.1  12.5  12.1  11.2   7.9   1.1   0.6 
1822  -3.2   2.2   3.2   5.4   9.7  13.5  15.3  15.7  10.5   6.3   4.0  -2.4 
1823  -8.9  -6.2  -0.7   2.5   7.8  12.6  14.2  15.1  10.2   7.2   0.7  -1.1 
1824  -0.7  -0.9  -0.6   3.7   8.2  13.3  14.4  14.2  11.6   4.0  -0.7  -3.5 
1825  -0.2  -2.0  -1.1   4.0   8.3  12.6  15.0  14.5  10.9   6.6  -0.4  -1.2 
1826  -6.7   0.4   0.9   4.1  10.1  15.6  17.3  15.0  10.4   6.9   0.0  -0.9 
1827  -6.4  -8.8  -2.1   3.7   9.3  13.8  13.7  12.8  11.5   5.7  -1.8   0.8 
1828  -6.0  -6.9  -0.5   1.4  10.0  15.1  17.5  15.4  10.6   6.4   1.1  -2.9 
1829  -4.3  -8.8  -4.3   0.8   8.6  14.8  15.2  14.1  10.7   5.1  -3.2  -5.5 
1830  -5.7  -7.9   0.2   4.6   8.8  12.2  16.4  13.2  10.3   5.7   2.4  -6.1 
1831  -7.6  -4.5  -1.9   3.3   9.9  14.8  17.4  16.4   9.9   7.8  -2.1  -1.6 
1832  -4.3  -2.1   0.9   4.9   7.1  14.1  13.4  13.4   9.4   6.8   1.0  -1.0 
1833  -6.8  -2.1  -2.0   2.2  10.6  13.3  16.9  12.0  11.4   7.6   1.2  -4.4 
1834  -5.0  -0.5   1.5   3.9   9.2  13.4  19.3  17.5  10.0   5.1  -2.2  -3.5 
1835  -1.9   0.0   0.9   2.7   6.8  14.7  15.1  13.3  11.8   6.1  -0.8  -5.6 
1836  -6.2  -3.5   0.4   3.8   9.2  13.7  14.5  12.6   8.0   5.9  -1.3  -7.3 
1837  -8.4  -3.1  -4.5   2.4   8.2  12.6  15.7  15.6  10.4   7.0   0.0  -3.8 
1838  -9.3 -12.6  -2.8  -0.2   8.2  13.6  16.6  13.3  11.0   4.5  -2.1  -5.5 
1839  -6.0  -4.2  -6.4   0.4   9.1  14.1  16.4  13.4  11.1   7.4  -0.2  -6.2 
1840  -5.6  -3.2  -0.7   5.7   7.9  13.3  13.7  15.1  11.1   3.5   0.3  -8.1 
1841  -9.4  -7.6  -0.3   4.5  10.6  12.3  13.7  14.1  10.0   4.4  -2.2  -1.7 
1842  -5.4  -2.0   0.3   5.8  12.3  14.8  14.9  17.7  10.6   5.9  -1.7  -0.4 
1843  -3.1  -6.2  -2.4   2.4   9.3  14.1  16.3  16.6  11.6   2.8   0.3  -1.3 
1844  -6.5 -10.7  -4.2   4.4  11.8  12.6  15.4  14.0  10.9   5.5  -1.5 -10.2 
1845  -4.0 -12.6  -5.9   4.0   8.9  13.7  16.0  14.7  10.4   3.9   2.4  -3.6 
1846  -4.2  -5.2   1.2   3.9   8.3  15.9  16.7  19.7  12.5   8.9   1.2  -7.6 
1847  -7.6  -7.1  -2.1   0.9   8.6  14.7  17.2  15.7   9.7   3.5   3.7  -1.6 
1848  -7.9  -4.6  -0.7   3.8  11.1  13.8  13.9  12.5  10.6   4.6  -2.5  -4.7 
1849  -8.9  -3.0  -0.6   2.5  10.3  11.6  14.9  14.7  10.4   2.8  -1.4  -6.6 
1850 -10.7  -2.9  -2.4   3.0   9.6  13.9  16.5  14.5  10.2   3.4  -1.6  -2.8 
1851  -3.1  -3.2  -2.6   3.7   7.7  11.8  13.5  13.7  11.1   6.1  -0.5  -1.5 
1852  -3.0  -5.4  -1.4   2.3  10.4  13.9  18.5  16.5  10.6   1.9  -3.1  -3.3 
1853  -2.1  -8.6  -6.2   1.3   9.9  16.6  16.3  14.1  11.2   5.5   1.4  -4.2 
1854  -6.4  -2.6   1.8   5.2   9.9  14.3  18.0  16.2  10.7   5.4  -1.9  -4.1 
1855  -6.9 -14.0  -4.0   2.7   7.4  14.2  20.2  14.9  10.6   5.4  -0.6  -7.8 
1856  -5.7  -7.5  -2.6   3.5   8.7  12.6  14.3  12.6   9.7   6.0  -4.5  -5.3 
1857  -7.7  -2.7  -1.4   2.3   9.8  14.3  15.5  18.1  13.0   7.1  -0.7   0.8 
1858  -1.7  -2.7   0.0   4.5   9.3  16.8  17.2  17.4  12.9   4.6  -3.4  -2.6 
1859  -1.6  -1.1   1.0   2.5  11.4  15.6  17.5  15.7  11.1   4.5  -0.3  -5.3 
1860  -5.6  -7.2  -3.4   2.8   8.2  13.6  15.7  13.5  10.5   4.5  -1.5  -9.6 
1861  -9.4  -2.1  -0.1   4.3   6.9  16.8  16.0  14.7  10.0   6.8  -1.6  -2.1 
1862  -6.2  -8.9  -4.7   2.5  11.2  13.1  13.4  13.7  10.6   6.0   1.8  -3.8 
1863  -0.9  -0.3  -0.3   5.0   7.9  14.1  14.5  14.5  10.7   7.1   2.3  -1.8 
1864  -6.0  -4.1  -4.7   2.9   7.2  12.9  16.5  12.6  10.4   2.5  -3.0  -2.7 
1865  -4.0 -10.5  -4.2   3.4  10.6  12.7  16.3  14.0  12.1   3.1   1.5  -0.7 
1866  -0.6  -4.0  -6.1   4.4   8.1  15.6  15.8  14.4  11.9   5.0  -3.1  -3.6 
1867 -10.1  -2.0  -4.2   1.9   5.8  12.8  15.9  16.8  10.9   6.4   0.0  -8.8 
1868  -5.7  -1.7   0.5   4.2  11.6  15.4  19.2  18.6  10.4   5.2   0.3  -1.7 
1869  -3.7  -1.6  -2.5   5.1   8.2  13.0  17.0  14.5  10.5   5.2  -2.1  -4.6 
1870  -3.9  -8.9  -1.6   4.8  10.2  14.7  17.9  16.3  10.1   4.0   0.7  -7.8 
1871  -7.1 -10.2   0.8   2.2   8.9  14.4  16.1  16.4   9.6   4.9  -1.6  -4.2 
1872  -0.2  -2.2  -1.2   5.1  10.9  15.5  19.2  14.8  10.6   7.5   2.5  -5.7 
1873  -0.5  -2.9  -1.8   3.5   7.1  14.9  16.9  14.2  10.6   4.4   0.0  -0.5 
1874   0.6  -0.8   0.2   4.4   8.2  14.2  15.9  13.5  10.8   7.9  -0.2  -8.7 
1875  -9.0  -7.7  -2.9   4.1  10.3  14.5  17.1  16.3  11.3   3.2  -2.7  -3.7 
1876  -4.0  -5.1  -2.1   3.3   8.7  16.5  16.7  16.2  10.2   4.7  -2.4  -9.6 
1877  -6.9  -9.0  -5.6   1.0   6.9  13.8  15.3  13.1   7.9   4.4   3.3  -2.2 
1878  -6.2  -1.7   0.1   6.5   9.8  14.9  16.4  16.9  12.0   7.8  -0.9  -6.5 
1879  -6.8  -7.9  -2.8   3.0   9.8  14.7  16.1  16.1  11.5   5.2  -1.4  -6.7 
1880  -5.6  -1.5   0.5   4.9   9.6  15.7  15.7  18.8  12.9   0.3  -1.4  -6.3 
1881  -9.3  -7.9  -6.1   0.2   9.4  14.4  15.3  13.4  10.9   3.1   1.4  -0.2 
1882  -0.4  -2.0   1.7   4.0  10.2  14.4  16.0  16.1  12.4   5.2  -2.1  -5.8 
1883  -5.9  -2.4  -3.5   5.2  10.2  14.9  16.9  15.0  10.7   5.4   1.6  -3.8 
1884  -3.8  -1.8   0.1   3.9   8.6  13.9  16.6  16.4  13.4   6.8  -1.1  -5.0 
1885  -6.6  -2.0  -0.9   5.0   7.6  13.1  16.7  13.5   9.5   3.5  -1.3  -2.0 
1886  -3.6  -4.3  -3.3   3.7   9.1  14.5  16.3  15.0  10.8   5.2   2.2  -6.6 
1887  -2.1  -1.0   0.6   4.0  10.4  16.4  16.1  14.2  10.9   4.0  -1.4  -4.7 
1888  -4.4  -8.9  -7.3   1.1   8.7  15.5  15.6  13.8  11.0   4.1  -1.3  -0.9 
1889  -2.2  -5.7  -2.3   4.8  15.0  19.8  16.2  14.4   9.8   6.6   0.4  -2.1 
1890  -0.2  -3.6   0.5   4.3  12.8  13.2  14.2  14.6  12.2   4.2   0.0  -5.8 
1891  -6.5  -2.3  -2.3   4.1   9.4  14.7  17.0  14.1  11.3   7.5  -1.2  -3.0 
1892  -7.8  -5.3  -0.9   4.2   9.0  13.7  16.3  14.3  10.8   5.4   1.4  -6.0 
1893  -8.8 -10.6   0.5   5.2  10.0  15.7  17.5  15.5   9.8   5.4  -2.2  -0.7 
1894  -2.3  -2.3   2.0   6.6   8.7  15.2  18.4  14.5   9.7   3.7   2.3  -2.5 
1895  -7.5  -8.1  -1.6   4.5  13.5  15.1  14.9  15.0  11.9   3.0  -1.1  -4.5 
1896  -5.4  -1.6  -0.3   4.6  11.6  17.7  18.6  14.9  11.3   5.5  -2.3  -3.9 
1897  -6.1  -4.7  -1.7   5.0  10.7  15.9  19.0  17.3  10.7   4.4  -0.4  -1.3 
1898  -0.1  -2.7  -1.2   3.4   9.0  14.6  14.9  13.8  11.1   5.9   0.3  -2.1 
1899  -6.2  -3.5  -1.7   3.6   9.2  14.9  19.3  16.8  10.7   5.5   3.4  -4.0 
1900  -4.2  -9.0  -1.9   3.5   8.2  16.7  16.5  15.4  11.1   5.8   0.6  -2.8 
1901  -6.3  -8.3  -1.9   5.4  12.3  14.6  22.1  17.0  12.3   8.4  -2.3  -4.2 
1902  -1.8  -6.0  -1.2   3.2   7.5  15.2  14.3  12.6   9.4   3.7  -0.7  -6.7 
1903  -6.4   0.0   2.6   3.4  10.2  15.2  15.6  14.1  11.4   3.9  -0.6  -3.0 
1904  -2.1  -5.6  -2.0   4.1   8.3  14.9  17.4  15.6  11.1   6.1  -1.4  -3.7 
1905  -3.1  -1.6   0.6   3.1  10.5  16.9  17.5  14.0  10.7   2.3  -0.5  -1.4 
1906  -2.9  -2.5  -0.8   5.2  10.4  17.0  16.5  15.2  11.6   6.1   2.4  -2.9 
1907  -5.5  -3.1   0.6   4.3   8.4  12.9  15.0  13.0  10.3   9.2   1.5  -5.5 
1908  -4.3  -0.4  -2.7   4.1   9.3  14.7  17.0  15.9  10.2   7.3  -0.1  -1.4 
1909  -2.3  -6.0  -3.0   2.7   7.4  14.6  15.5  14.7  10.8   8.1  -1.5  -3.9 
1910  -5.1  -0.7   1.5   5.1  11.4  15.5  16.1  15.3  11.8   5.6  -0.9  -2.3 
1911  -3.1  -1.6   0.5   5.0  12.4  14.6  17.6  17.4  12.3   3.5   0.6  -0.1 
1912  -7.9  -4.8   1.4   4.6  10.2  14.9  18.0  14.5   9.3   4.1  -0.2  -0.5 
1913  -4.9  -1.4   1.1   5.6  11.3  14.5  17.7  14.5  11.3   6.2   3.1  -4.1 
1914  -6.5   0.2  -0.7   6.4   9.3  15.9  21.2  16.5  12.0   5.2   0.3   0.5 
1915  -5.6  -2.7  -2.3   4.5   9.4  13.7  15.3  15.0   9.9   3.0  -1.9  -9.6 
1916  -1.5  -3.0  -2.5   4.5  10.2  12.3  17.0  15.0  10.1   4.0   2.9  -2.0 
1917 -11.5  -6.6  -4.2   2.0  10.5  16.2  16.5  17.1  11.9   5.8   0.5  -4.6 
1918  -7.0  -2.2  -0.8   5.4  12.3  13.4  16.6  15.4   9.0   7.5   1.7  -2.8 
1919  -2.2  -7.0  -1.3   3.8  13.0  13.5  18.6  13.6  11.4   4.8  -2.9  -6.1 
1920  -5.6  -0.2   2.5   4.7  10.6  15.4  15.8  13.9  10.9   3.4   1.6  -2.6 
1921  -2.4  -3.2   3.0   8.3  10.9  14.0  17.2  14.0  10.3   6.9  -1.4  -1.9 
1922  -6.0  -4.2  -0.9   2.8   9.7  14.1  15.4  14.0  10.0   4.0   0.3  -1.3 
1923  -0.1  -5.6  -0.1   3.6   8.0  11.4  16.7  13.7  10.0   5.6  -1.9  -5.3 
1924  -4.3  -5.7  -3.6   2.7   8.3  13.3  15.2  15.0  11.8   6.8   1.0   1.8 
1925  -0.8  -0.2  -1.6   5.4   9.7  15.0  19.4  16.0  10.8   4.8  -3.7  -8.1 
1926  -3.7  -5.4   0.6   5.6   9.4  14.2  18.1  15.7  11.1   2.5   1.9  -4.6 
1927  -1.4  -3.4   1.3   3.5   7.1  11.0  17.8  16.2  10.2   4.7  -2.0  -8.7 
1928  -3.5  -3.1  -1.9   4.2  10.0  11.5  14.1  14.1  10.3   5.4   0.7  -2.8 
1929  -6.1  -8.2   1.6   2.2   9.5  12.6  16.0  13.2  11.6   6.1   3.0   1.0 
1930   0.8  -3.0   0.0   6.3  11.0  14.9  16.9  15.7  10.2   6.5   1.4  -0.8 
1931  -5.9  -3.3  -3.3   3.3  10.1  12.5  16.0  14.1   9.0   5.4   3.6  -2.7 
1932   0.5  -0.8  -1.0   4.5  10.4  14.1  17.0  16.3  10.5   3.7   0.3   0.4 
1933  -2.8  -3.0   0.1   4.8  10.0  17.8  18.6  16.0  12.5   6.5   0.0  -4.5 
1934  -0.6   0.0   1.3   4.7  10.6  15.1  17.8  16.1  12.6   7.2   0.9   1.6 
1935  -3.6  -1.5  -0.1   5.1   9.7  14.6  18.0  16.6  10.7   6.2   3.6  -2.1 
1936  -3.2  -4.9   0.3   3.8  12.0  16.9  17.0  16.3   9.8   4.5   1.9   1.2 
1937  -2.6  -4.7  -2.6   5.9  11.9  13.5  18.6  18.5  11.5   8.2  -0.1  -5.6 
1938  -3.1  -0.9   4.0   5.5   9.2  13.2  16.5  17.5  12.7   7.0   3.6  -2.0 
1939  -3.9  -0.6   0.2   5.0  10.6  15.2  16.1  17.7  12.2   3.1   2.0  -5.9 
1940  -8.0  -9.0  -2.9   3.0  12.2  17.1  16.2  14.0   9.6   4.8   1.0  -4.1 
1941 -13.0  -7.9  -2.0   3.0   9.5  15.8  19.2  14.3  11.1   4.6   0.4  -4.3 
1942 -12.2  -8.8  -5.5   5.1   9.5  12.9  16.3  15.1  10.6   6.3   1.7  -1.1 
1943  -5.5   0.6   3.3   6.5  11.0  15.2  16.9  14.2  11.0   8.0   1.3  -3.4 
1944  -2.2  -1.9  -0.2   3.8   8.7  12.6  17.8  17.1  10.7   7.2   0.7  -0.3 
1945  -5.3  -1.6   2.7   6.3  10.0  14.5  18.7  18.4  11.2   6.3  -0.6  -2.2 
1946  -4.4  -3.7  -1.2   6.7  11.9  13.4  17.5  15.1  11.6   4.1   2.6  -1.2 
1947  -3.7 -13.1  -4.2   4.1  14.3  17.0  18.5  20.3  13.6   5.7  -2.5  -3.2 
1948  -7.1  -4.1   1.4   6.8  11.8  14.3  17.5  14.8  11.4   4.6   0.5   0.7 
1949  -0.3   0.4  -0.1   6.0  11.4  14.9  18.3  15.1  14.1   6.6   2.4  -2.0 
1950  -5.4  -2.2   1.4   5.7  12.0  14.4  15.9  16.1  10.8   6.5  -0.8  -4.4 
1951  -5.3  -2.1  -3.1   3.4   9.6  14.2  15.4  15.5  12.2   6.7   2.5   1.0 
1952  -4.0  -2.4  -2.1   6.4  10.7  12.6  16.3  14.3   8.6   4.1  -2.0  -3.5 
1953  -4.7  -5.0   2.4   5.4  10.7  18.0  16.5  14.9  10.7   8.7   3.6   0.6 
1954  -5.7  -7.5  -0.3   3.8  12.0  14.0  15.5  15.2  10.7   5.4   1.3   0.2 
1955  -4.4  -6.0  -1.5   3.2   8.2  14.0  21.3  19.1  12.6   5.6   1.2  -5.2 
1956  -6.9  -7.8  -1.1   4.3  11.2  13.8  16.8  13.2  10.8   5.7  -1.3  -0.8 
1957  -2.0  -2.9  -0.8   4.8   9.0  13.7  17.1  15.2   9.7   6.1   0.8  -2.0 
1958  -4.6  -7.5  -3.6   3.1   8.8  14.8  16.9  14.8  12.4   8.0   1.9  -3.7 
1959  -6.7  -2.9   1.2   5.5  12.0  15.5  18.5  17.8  12.4   6.1   3.0  -1.0 
1960  -4.0  -6.5   1.0   5.2  12.4  16.1  15.0  14.9  11.1   4.1   0.7  -1.4 
1961  -4.8  -1.6   3.1   5.8  10.7  15.6  16.3  14.0  12.3   9.6   1.8  -5.5 
1962  -2.5  -1.1  -4.1   4.7   8.3  13.3  14.7  13.1  10.2   7.0  -0.1  -6.3 
1963  -8.6  -8.5  -3.4   4.0  10.7  16.1  16.2  14.9  10.8   6.9   1.2  -4.0 
1964  -2.6  -3.4  -0.4   5.7  11.4  13.2  14.3  14.6  10.5   5.4   1.1  -3.1 
1965  -2.9  -2.1  -0.8   4.7   9.2  14.2  14.3  13.8  11.6   6.9  -2.8  -7.3 
1966  -8.2 -10.0  -0.2   1.4   9.6  17.0  16.8  14.6  10.7   5.7   1.9  -2.6 
1967  -7.6  -2.9   2.4   4.4   9.2  14.5  16.3  15.8  11.9   6.8   3.4  -4.0 
1968  -6.9  -5.4   0.8   6.4   9.2  16.3  16.0  16.5  12.0   5.0  -2.1  -4.3 
1969  -3.1  -7.6  -3.2   4.3  10.2  17.5  16.9  18.5  11.8   7.3  -1.5  -4.5 
1970  -7.6 -10.8  -1.4   2.3  11.7  18.2  14.4  16.2  10.5   6.4  -0.8  -1.4 
1971  -2.4  -0.6  -1.9   4.7  11.4  14.3  16.8  14.8  11.0   6.9  -1.0   0.6 
1972  -6.2  -2.9  -0.1   4.7  11.3  14.3  18.1  14.7   9.8   6.6   1.4   1.9 
1973  -0.2  -0.5   3.2   3.9  10.4  15.7  18.3  14.7   9.9   3.5  -0.9  -2.6 
1974   0.1   0.2   1.5   7.5  11.6  15.0  15.1  15.2  11.5   4.8   1.5  -0.6 
1975   0.1  -3.5   0.5   4.3  11.3  14.4  18.0  18.4  11.9   7.2   2.5   0.7 
1976  -4.8  -2.5  -1.6   4.8  11.5  15.7  18.2  17.7   9.5   5.0   0.7  -4.4 
1977  -4.4  -5.8   0.7   2.5  11.3  15.3  16.4  15.5  10.2   7.2   1.8  -2.1 
1978  -2.3  -6.9  -1.4   3.9  11.5  16.0  15.2  14.8   9.1   6.4   3.8  -8.0 
1979  -7.9  -6.6  -0.4   3.9   8.5  15.8  15.5  14.0  10.5   4.7  -0.2  -3.6 
1980  -6.6  -7.6  -2.2   5.4  11.9  15.9  17.2  15.1  11.8   4.6  -1.9  -1.3 
1981  -3.9  -4.0  -2.1   4.5  12.0  12.6  16.1  15.3  12.2   5.0   0.5  -9.0 
1982  -8.1  -3.7   1.7   5.1   9.8  13.8  18.1  16.2  11.9   6.1   2.4  -1.8 
1983   0.7  -4.1   1.4   5.4  10.6  14.2  17.9  16.5  11.4   7.1   1.2  -1.1 
1984  -4.9  -2.7  -1.3   5.7  12.4  14.5  16.1  16.1   9.9   7.9   2.8   0.5 
1985  -8.6  -9.2  -0.6   2.7  11.6  14.1  16.1  14.6   8.8   7.5  -1.2  -6.7 
1986  -6.7  -7.5   0.4   2.6  10.9  16.4  16.5  13.0   8.4   6.6   4.1  -1.8 
1987 -10.5  -4.4  -4.0   5.2   9.2  12.1  16.4  13.0   9.6   7.6   0.4  -2.7 
1988   0.6  -1.4  -1.4   3.3  12.2  18.6  16.2  14.9  12.0   5.0  -1.3  -2.8 
1989   2.3   2.6   3.5   5.1  10.9  15.2  17.0  14.2  11.5   6.4   2.5  -2.7 
1990   0.8   3.4   4.6   6.4  12.4  15.1  16.6  15.9  10.1   6.2   0.1  -1.1 
1991  -2.9  -4.1   1.8   5.4  10.6  11.6  18.2  16.5  11.3   6.3   2.3   0.0 
1992  -0.6   0.0   2.7   4.2  13.2  17.8  16.4  14.0  11.0   3.1   1.0  -0.8 
1993  -0.1  -0.9   1.2   6.4  13.1  13.6  14.7  13.0   8.9   4.3  -0.5  -3.5 
1994  -4.1  -7.8   0.4   6.1  11.0  13.6  20.3  15.9   9.9   5.3   1.8   0.0 
1995  -2.9  -0.4   1.2   3.9   9.8  15.1  16.4  17.6  10.9   8.8  -0.6  -6.5 
1996  -5.1  -6.3  -0.7   4.8   8.5  14.2  15.9  18.3  10.1   7.6   0.3  -4.4 
1997  -4.0  -0.4   2.3   5.0   9.3  16.2  19.5  20.4  12.1   4.7   1.5  -1.1 
1998  -1.1   1.3   0.7   4.2  11.6  13.2  15.4  14.3  12.3   5.3  -0.7  -0.7 
1999  -2.2  -2.4   0.3   6.6   9.6  14.0  17.4  15.9  14.2   6.4   4.1  -2.7 
2000  -0.4  -0.5   1.9   6.3  12.5  13.6  16.2  15.3  11.3   9.4   5.8   1.2 
2001  -2.9  -5.3  -1.6   4.3  11.9  14.6  17.7  15.8  11.5   8.9   2.1  -3.4 
2002  -2.8   0.6   2.1   6.9  12.9  16.6  17.4  20.2  13.1   3.4  -1.2  -5.9 
2003  -3.8  -2.7   1.6   6.0  10.2  16.3  18.9  17.2  12.2   3.9   2.9   0.3 
2004  -3.8  -1.5   2.0   7.4  12.5  14.2  16.0  17.8  12.3   6.5   1.0   0.3 
2005   1.7  -0.9  -0.8   7.0   9.7  14.5  18.8  15.9  12.5   7.5   4.4  -1.1 
2006  -2.4  -3.2  -3.4   4.8  12.0  16.0  20.0  18.1  15.0   8.5   4.1   2.4 
2007  -0.9  -3.2   4.2   7.6  10.9  17.0  16.1  16.5  11.0   6.9   1.5  -1.4 
2008   0.9   1.9   0.9   6.7  12.3  15.8  18.3  15.2  10.8   6.8   2.1  -1.2 
2009  -2.2  -5.1   1.2   7.7  12.0  15.8  17.3  16.1  12.9   4.4   3.9  -3.8 
2010  -8.1  -6.3   0.3   6.0  11.0  15.3  18.0  16.1  11.3   5.7  -2.0  -9.2 
2011  -3.5  -4.9   0.6   9.4  11.3 -99.0 -99.0 -99.0 -99.0 -99.0 -99.0 -99.0 
