Number= 010050
Name= ISFJORD RADIO
Country= NORWAY
Lat=   78.0
Long=  -14.2
Height= 9
Start year= 1912
End year= 1979
First Good year= 1912
Source ID= 10
Source file= Jones
Jones data to= 1979
Normals source= Data
Normals source start year= 1961
Normals source end year= 1979
Normals= -12.2 -12.6 -12.6  -9.9  -3.5   1.5   4.8   4.2   0.8  -4.2  -8.2 -10.7 
Standard deviations source= Data
Standard deviations source start year= 1941
Standard deviations source end year= 1979
Standard deviations=   4.5   3.3   3.2   2.2   1.5   0.8   1.0   0.7   1.1   2.7   3.5   3.9 
Obs:
1912 -24.5 -26.4 -21.9 -19.7  -6.0   1.9   4.1   2.6  -2.8  -8.7 -13.0 -12.5 
1913 -15.8 -20.8 -17.8  -9.7  -5.2   0.2   4.6   5.2   0.7  -8.6  -7.8 -13.2 
1914 -21.8 -24.0 -19.9 -10.5  -5.2   1.8   4.9   4.8  -0.9  -4.6 -13.3 -17.9 
1915 -14.3 -19.6 -21.6 -11.0  -8.8   1.6   3.9   3.6  -0.5  -4.9 -20.8 -22.6 
1916 -24.7 -17.0 -20.8 -16.5  -6.0   2.4   5.0   3.7  -0.1  -7.1 -17.7 -22.7 
1917 -23.5 -29.4 -27.2 -22.7  -9.6   0.6   3.3   2.3  -2.7  -8.5 -14.4 -19.7 
1918 -26.2 -19.5 -18.6 -12.7  -2.4   2.8   7.3   4.5  -0.3  -7.6 -10.9  -6.9 
1919  -7.5 -23.8 -25.4 -19.8  -1.5   2.7   4.3   4.8  -0.5  -4.8 -15.8 -13.5 
1920 -12.3 -17.7  -9.6 -12.7  -2.9   1.5   4.9   5.3   0.5  -2.3  -7.5 -10.5 
1921 -16.9 -19.0 -16.2 -11.0  -5.0   2.5   6.4   5.8  -0.8  -7.9 -10.5 -11.8 
1922  -5.6 -12.2 -18.4 -14.0  -3.7   3.7   7.5   5.8   1.5  -4.0  -6.5 -15.2 
1923 -12.8 -14.3 -12.6  -9.7  -2.5   1.9   6.8   6.1   1.6  -2.8  -7.9  -9.8 
1924 -10.4 -11.0 -20.4 -11.2  -2.2   1.4   7.5   5.4   1.0  -3.5  -8.7  -9.0 
1925 -11.8 -12.8 -10.8 -11.4  -5.7   3.4   5.5   6.0   3.2  -6.5 -10.1 -17.4 
1926 -13.9 -18.6 -17.0  -9.5  -5.6   1.5   5.6   3.9   1.6  -5.7 -12.5 -11.8 
1927 -15.3 -11.3 -18.9 -17.2  -5.4   1.7   5.2   5.6  -0.3  -5.7  -9.5 -16.8 
1928 -11.5 -13.6 -16.5 -13.9  -4.0   1.0   5.1   4.9   0.6  -8.3 -11.9 -14.5 
1929 -20.5  -8.4 -25.5 -18.9  -6.5   1.1   3.7   3.8   0.2  -7.0 -12.6  -4.9 
1930 -14.4 -12.1 -21.5  -8.8  -2.4   2.7   7.5   6.1 -99.0 -99.0 -99.0 -99.0 
1931 -12.1  -8.3 -15.8  -5.5  -4.5   3.7   7.1   5.5   0.4  -6.9  -1.4  -8.8 
1932 -14.8 -12.6 -12.9 -12.8  -3.1   2.9   6.6   5.1  -0.7  -4.7 -10.8  -8.2 
1933  -3.7  -9.4 -14.1 -12.4  -2.4   3.0   6.3   5.1   2.9  -5.5  -7.2  -7.9 
1934  -8.3 -15.5  -6.6 -12.7  -2.9   3.4   6.9   6.9   4.1  -2.1  -5.0  -6.3 
1935 -11.1 -11.6 -10.7 -10.3  -5.9   1.5   5.2   5.1  -0.3  -0.4  -2.2  -7.0 
1936  -7.4 -13.4 -17.0  -9.9  -0.7   1.4   4.2   5.0   1.4  -2.4  -6.3  -7.4 
1937  -2.6 -13.1 -10.1  -5.8  -1.8   1.9   5.1   5.2   1.5  -2.8  -5.6  -3.7 
1938  -7.0  -7.9 -10.1  -8.1  -2.8   2.7   5.0   4.6   1.0  -0.2  -4.2  -0.6 
1939  -9.2  -9.1  -9.4  -8.2  -1.9   0.7   5.4   5.2   0.4  -2.9  -6.0  -9.8 
1940  -8.2 -13.6 -14.6 -12.7  -1.4   2.0   4.8   3.3   2.7  -3.1  -6.3  -7.9 
1941 -99.0 -99.0 -99.0 -99.0 -99.0 -99.0 -99.0 -99.0 -99.0 -99.0 -99.0 -99.0 
1942 -99.0 -99.0 -99.0 -99.0 -99.0 -99.0 -99.0 -99.0 -99.0 -99.0 -99.0 -99.0 
1943 -99.0 -99.0 -99.0 -99.0 -99.0 -99.0 -99.0 -99.0 -99.0 -99.0 -99.0 -99.0 
1944 -99.0 -99.0 -99.0 -99.0 -99.0 -99.0 -99.0 -99.0 -99.0 -99.0 -99.0 -99.0 
1945 -99.0 -99.0 -99.0 -99.0 -99.0 -99.0 -99.0 -99.0 -99.0 -99.0 -99.0 -99.0 
1946 -99.0 -99.0 -99.0 -99.0 -99.0 -99.0 -99.0 -99.0 -99.0 -99.0 -99.0 -99.0 
1947  -1.8 -11.0 -14.0  -8.4  -3.5   2.1   3.8   4.5   0.9  -3.2  -8.3 -11.2 
1948 -15.5 -14.0 -13.1  -9.0  -5.1   1.0   3.7   2.7   1.7  -2.6 -11.1 -14.0 
1949 -15.3  -6.7  -7.8 -10.9  -4.2   1.3   3.4   3.1  -0.4  -6.7  -4.1  -3.5 
1950  -6.3  -9.6  -7.7  -5.9  -3.3   1.1   5.0   5.0   2.7  -0.3  -3.1 -11.4 
1951 -13.5  -6.7 -13.3 -11.6  -3.8   1.3   4.9   4.7   0.8  -3.6 -12.2 -12.0 
1952 -11.6 -14.1 -14.5  -9.0  -3.9   3.0   4.1   3.0   0.8  -2.9  -4.3 -10.8 
1953 -11.9 -10.4 -17.1 -11.2  -2.9   2.7   5.9   5.4   0.9   0.1  -0.6  -4.0 
1954  -7.2  -4.7 -10.8  -6.3  -0.8   2.5   4.8   4.7   0.8  -2.3  -2.4  -3.0 
1955 -13.4 -10.9  -8.5  -7.1  -4.8   1.6   3.9   3.9   3.1  -4.3 -10.6 -11.5 
1956  -9.1  -7.3 -11.4  -9.1  -4.6   1.2   5.1   4.9   0.1  -2.9  -2.3  -2.9 
1957  -6.0  -8.7  -9.1  -5.8  -1.8   2.8   5.5   5.2   2.0   1.4  -4.9  -9.4 
1958  -6.4  -9.6 -13.0  -8.3  -1.9   2.0   5.1   3.9   0.4  -3.0  -6.6  -8.9 
1959 -15.6 -12.4 -13.4  -7.4  -1.4   1.8   4.7   4.5   0.9  -0.4  -2.8  -5.8 
1960  -8.3 -14.0  -8.3  -6.1  -1.0   1.9   6.0   4.9   3.3  -6.4  -6.2 -10.9 
1961 -10.4 -14.8 -10.5  -9.9  -3.4   2.4   5.4   4.7   1.2  -0.7  -5.1 -13.1 
1962 -11.7 -12.8 -16.5 -11.1  -6.3   0.8   3.0   3.1  -0.5  -3.3  -4.8 -12.8 
1963 -17.0 -20.4 -14.5 -11.9   0.1   1.1   3.9   4.9   0.9  -1.2 -10.9 -12.5 
1964 -13.4 -13.7  -8.9 -10.3  -3.5   0.4   3.6   4.4   0.9  -3.2  -7.9  -6.5 
1965 -12.7 -11.9 -16.9  -7.0  -4.2   1.4   4.1   3.4   0.3  -4.7  -6.1 -10.6 
1966 -18.0 -15.3 -18.2  -8.4  -6.9   0.6   5.5   4.3  -1.2  -8.0 -10.2  -4.7 
1967 -18.6 -13.2 -10.6  -8.6  -3.3   1.5   4.3   3.6   1.0  -5.4  -6.2 -12.4 
1968 -13.5 -13.4 -16.2 -11.8  -4.6   0.4   3.6   3.6  -1.2 -11.9 -14.3 -17.8 
1969 -12.5 -14.7 -99.0 -15.7  -3.6   0.1   4.3 -99.0   2.2  -1.0  -8.4  -8.4 
1970 -99.0 -99.0 -99.0 -11.7  -2.6   1.3   4.6   4.0   0.8  -2.9  -9.5 -11.2 
1971 -18.3  -9.0 -13.8 -10.1  -2.5   3.0   5.8   4.2   1.0  -5.7 -13.7  -9.0 
1972  -3.0  -8.6  -7.9  -9.8  -2.7   3.3   5.3   5.0   3.0  -2.6  -2.6  -7.0 
1973  -5.9 -12.9 -11.7  -6.6  -3.2   1.6   5.1   4.0   1.0  -5.0 -10.6 -13.7 
1974  -5.5  -8.4  -6.7  -9.4  -3.5   2.3   5.7   4.9   1.3  -1.8  -5.2  -5.5 
1975 -11.4  -9.3 -11.7  -8.4  -3.9   1.6   4.8   4.4   1.3  -5.4  -8.5 -15.8 
1976 -11.6 -10.3 -99.0  -7.5  -1.9 -99.0 -99.0 -99.0 -99.0 -99.0 -99.0 -99.0 
1977 -99.0 -99.0 -99.0 -99.0 -99.0 -99.0 -99.0 -99.0 -99.0 -99.0 -99.0 -99.0 
1978 -99.0 -99.0 -99.0 -99.0 -99.0 -99.0 -99.0 -99.0 -99.0 -99.0 -99.0 -99.0 
1979 -99.0 -99.0 -99.0 -99.0 -99.0 -99.0   7.6 -99.0 -99.0 -99.0  -6.8 -99.0 
