Number= 010260
Name= Tromsoe
Country= NORWAY
Lat=   69.7
Long=  -18.9
Height= 100
Start year= 1890
End year= 2011
First Good year= 1890
Source ID= 34
Source file= Jones+Anders
Jones data to= 1999
Normals source= Data
Normals source start year= 1961
Normals source end year= 1990
Normals=  -4.4  -4.2  -2.7   0.3   4.8   9.1  11.8  10.8   6.7   2.7  -1.1  -3.3 
Standard deviations source= Data
Standard deviations source start year= 1941
Standard deviations source end year= 1990
Standard deviations=   1.7   2.2   1.8   1.3   1.5   1.7   1.7   1.3   1.3   1.8   1.6   2.3 
Obs:
1890  -2.0  -1.1  -1.8   0.1   4.7   9.0  10.1  10.8   8.1   0.5  -0.7   0.5 
1891  -2.8  -0.4  -4.8   0.6   2.6   4.8  10.1   8.6   5.2   3.5  -0.6  -1.2 
1892  -5.8  -6.0  -1.2  -1.1   1.3   5.1   9.4   8.0   6.1  -0.1   1.3  -5.7 
1893  -6.1  -8.6  -5.7  -1.8   2.5   7.5   8.0   8.7   3.1   2.6  -3.4  -2.1 
1894  -2.6  -3.2  -2.2   3.6   5.1  11.6  11.4  10.5   4.6   0.8  -0.2  -3.1 
1895  -4.8  -4.7  -5.3  -0.5   4.7   8.9  10.5   9.3   5.8   1.9   0.6  -0.7 
1896  -3.7  -1.3  -2.4   0.6   3.4   7.3  12.2   9.5   7.0   1.6  -1.7  -2.1 
1897  -2.5  -6.1  -6.1   2.7   6.3   7.5   9.6  10.2   7.2   4.8  -0.9  -2.1 
1898  -1.4  -5.2  -3.6   1.2   5.3   8.8  10.7  10.0   7.8   3.1  -1.1  -5.0 
1899  -6.9  -4.9  -7.0  -3.1   1.0   8.0  11.5   7.2   7.6   1.5   0.4  -2.9 
1900  -3.2  -9.1  -3.7  -1.2   1.6   6.3   7.0   9.2   5.2   1.8   0.9  -5.0 
1901   0.8  -6.7  -4.0   0.7   2.8   9.0  11.1  10.6   8.4   5.7  -1.9  -5.4 
1902  -5.3  -4.9  -5.4  -0.7   2.7   5.1   8.8   9.7   5.3  -0.2  -0.4  -0.7 
1903  -2.4  -2.2  -0.3  -0.6   3.7   6.2   8.7  11.2   6.4  -1.8   0.1  -1.1 
1904  -0.3  -6.9  -1.3   2.3   2.2   7.1   9.6   9.7   7.7   4.6  -3.9  -6.1 
1905  -4.1  -3.6  -3.1  -0.8   3.8   7.3  11.5  10.8   6.8   0.6  -3.3  -0.9 
1906  -2.1  -4.5  -6.8   0.3   1.9   6.9  11.5   7.7   6.1   2.5  -0.7  -3.2 
1907  -4.4  -2.2  -1.1   1.0   1.7  10.0  10.0   8.9   4.6   3.9   2.5  -4.0 
1908  -3.0  -4.7  -2.3  -0.3   1.8   6.0  10.0  10.0   6.1   5.3  -3.2  -1.5 
1909  -0.2  -3.0  -4.7  -0.6   0.8   6.4  10.4  10.2   6.5   2.9  -4.1  -3.8 
1910  -3.5  -0.2  -0.7  -0.1   4.5   7.5   9.3   8.7   5.7   1.6  -3.3  -2.9 
1911  -1.3  -3.9  -2.5  -0.8   3.8   6.2   9.9  10.7   7.6   0.3  -0.4   0.0 
1912  -5.1  -8.4  -2.4  -1.1   2.9   7.9   9.5  10.7   5.5   1.4  -0.9  -4.0 
1913  -3.1  -3.2  -2.4   0.9   3.5   6.3  11.3  10.8   6.6   0.3   1.3  -3.9 
1914  -3.7  -3.4  -2.5   0.7   3.3   7.9  11.2  10.8   6.8   3.2   0.0  -2.3 
1915  -5.0  -5.5  -5.9   0.2   1.1   5.5  13.1  10.7   4.8   3.3  -3.2  -8.7 
1916  -3.5  -3.1  -5.3  -0.2   2.5   8.3  14.2  10.0   5.5  -0.6   0.4  -4.3 
1917  -3.7  -6.6  -6.3  -3.5  -0.2   7.7   8.3  11.2   6.0   1.8  -1.7  -3.6 
1918  -8.0  -3.5  -1.3   0.7   2.6   9.1  13.1   9.0   6.6   3.2   2.2  -2.8 
1919  -2.2  -6.9  -4.4  -2.2   5.1  11.0  11.0   9.2   6.1   0.1  -3.1  -5.0 
1920  -4.0  -2.3  -0.2   1.3   5.7   7.8  11.8  10.7   8.9   3.8   1.4  -0.4 
1921  -5.5  -2.3  -1.1   2.8   4.8   7.9  10.3  10.5   5.9   0.6  -1.6  -2.9 
1922  -3.5  -3.1  -5.1   0.8   5.8  10.5  14.6  11.7   7.7   2.9  -1.6  -5.1 
1923  -2.5  -3.3  -0.6  -1.0   3.8   5.2  11.2   9.0   6.9   2.6  -0.9  -3.1 
1924  -2.4  -5.8  -5.4  -1.7   3.3   7.1  11.7  12.6   8.1   5.8   0.3  -0.7 
1925   0.5  -2.9  -4.9   1.6   4.4   9.3  12.7  11.6   8.2  -0.5  -2.8  -4.9 
1926  -3.5  -3.7  -2.8  -0.5   2.9   7.7  10.3   9.8   6.6  -0.5  -0.3  -4.5 
1927  -5.3  -2.6  -3.2  -1.1   2.5   8.3  14.8  12.9   6.2   0.4  -1.6  -2.5 
1928  -2.2  -1.5  -1.4   0.3   3.4  10.3  10.3  11.2   6.7   1.1  -1.6  -1.9 
1929  -4.1  -2.6  -2.7  -3.3   5.0   7.9   9.0   9.8   7.7   2.1   1.3   1.5 
1930  -1.0  -1.6  -3.5   2.2   6.0   9.9  14.2  14.0   5.7   2.7  -1.0  -0.7 
1931  -3.6  -2.8  -3.9   0.9   4.2   7.4  13.0  10.0   4.8   1.7   2.1  -0.4 
1932  -1.7  -2.1  -2.9  -0.2   2.5   8.0  11.5   9.9   5.0   0.9   0.1   1.5 
1933  -0.1  -5.3  -3.3  -1.9   3.2  11.0  12.0  11.2   8.3   3.2  -0.1  -1.5 
1934   0.1  -3.6  -1.2  -0.7   5.4   7.1  15.4  13.8  11.0   3.5   0.6  -0.9 
1935  -2.4  -3.1  -1.6   0.8   1.6   7.5  11.1  11.7   5.4   3.0   1.1  -1.0 
1936  -5.1  -6.9  -3.2   0.0   5.9  10.7  13.0  12.0   6.7   2.1   1.4   0.2 
1937  -1.3  -5.2  -3.9   3.6   6.2   9.9  15.3  12.8   7.6   4.8   0.0  -3.5 
1938  -2.0  -0.2  -2.3   0.2   4.0  10.4  13.9  11.5   9.1   6.7   2.1   0.0 
1939  -4.5  -2.2  -1.9  -1.0   3.0   8.0  13.0  12.3   5.4   2.6   1.1  -3.4 
1940  -3.5  -5.7  -5.6  -1.5   7.5   9.4   9.2   9.7   8.0   4.0  -1.6  -2.4 
1941  -5.6  -6.0  -4.3  -1.4   2.1   7.0  14.2  11.0   6.1   0.8   0.1  -4.5 
1942  -5.2  -4.4  -6.0  -0.3   2.2   9.2  11.5  10.1   6.7   2.0  -0.9  -2.4 
1943  -5.4  -3.0  -0.8  -0.1   3.5   9.1  11.9  10.2   7.4   3.5   0.6   0.0 
1944  -2.2  -0.9  -2.3  -1.3   3.4   8.7  11.3   9.6   8.1   5.5   0.6   0.4 
1945  -4.3  -2.4  -2.4   1.4   3.8   7.6  13.1  11.4   7.2   0.2  -0.3  -3.0 
1946  -1.3  -7.3  -2.9   0.7   4.1  10.4  13.1  12.5   9.5   3.0  -1.6   0.4 
1947  -1.6  -6.8  -5.8   0.1   3.5  10.1  12.3  10.5   7.6   2.3  -2.7  -3.4 
1948  -6.1  -2.2  -1.7   1.6   5.3   7.6  13.9   8.9   7.2   2.6   0.3   0.0 
1949  -2.9  -0.8  -1.8   0.3   4.6   8.8   9.2   9.2   8.4   1.8   1.3  -2.1 
1950  -3.9  -3.7  -1.8   2.9   3.5  10.5  12.2  13.7   8.6   5.4   0.0  -2.5 
1951  -5.3  -2.9  -3.4   0.8   2.3   6.0   9.9  12.2   7.1   6.5  -3.4  -2.3 
1952  -3.9  -3.8  -3.7   1.4   4.1  11.0  10.7   8.4   6.0   1.6  -1.7  -4.4 
1953  -3.7  -5.8  -2.2   0.7   3.6  12.9  12.7  12.8   6.4   5.4   1.7   1.9 
1954  -2.6  -3.9  -2.6   0.5   6.5   8.0  15.3  11.3   7.6   2.2  -1.0  -0.6 
1955  -4.7  -6.6  -3.6  -1.4   2.9   5.7  10.4  10.5   8.8   1.4  -2.9  -7.6 
1956  -5.7  -5.4  -1.2  -1.7   4.7   9.0  13.3  10.1   5.6   2.5  -1.6  -2.1 
1957  -1.6  -4.9  -2.2   1.1   3.8   6.6  13.4  10.2   7.2   3.2   0.7  -4.3 
1958  -4.6  -6.6  -4.9   0.4   3.9   8.9  10.2  11.6   6.7   4.2   2.2  -4.3 
1959  -5.6   0.7   1.2   1.3   4.8   8.6  10.8  10.5   5.6   3.6   1.4  -2.1 
1960  -4.6  -6.2   0.1   3.1   6.5   8.4  15.5  12.7   8.7  -0.2  -2.0  -3.1 
1961  -2.6  -2.5  -2.3  -1.2   4.4   9.9  13.3  11.8   7.6   6.3   1.1  -4.7 
1962  -4.5  -3.7  -7.2   0.9   3.5   7.4   9.8   9.9   6.9   2.5   0.4  -4.8 
1963  -4.7  -6.3  -5.2   0.7   8.6   8.7  10.2  12.1   8.9   4.2  -1.7  -2.1 
1964  -0.6  -4.4  -0.4   0.4   5.6   7.1  12.2  10.2   5.8   5.6  -1.3  -1.7 
1965  -4.0  -3.9  -4.7   0.9   1.9   8.3   8.9   9.8   8.5   2.6  -3.1  -6.0 
1966  -6.1  -9.5  -5.6  -1.5   2.5  10.2  12.4  10.0   3.4   0.3   1.1  -2.6 
1967  -6.3  -3.7  -0.6   0.5   5.8   8.3  10.8  10.9   9.2   1.7   2.3  -6.4 
1968  -7.8  -4.4  -3.5  -0.2   2.3   7.7   8.9   8.9   5.6  -1.6   0.2  -0.2 
1969  -4.4  -5.2  -3.1   0.3   4.2   9.9  12.8  12.7   7.1   3.5  -1.8  -2.2 
1970  -3.8  -8.5  -2.3  -0.7   5.1  10.3  13.0  11.7   6.9   4.0  -3.0  -2.3 
1971  -4.4  -5.1  -5.2  -0.7   3.6  10.5  10.3  10.9   6.1   2.1  -3.4  -1.4 
1972  -1.3  -3.0  -2.3   0.5   5.3  13.1  14.1  11.5   6.3   2.6  -0.5   1.8 
1973  -1.1  -3.9  -1.9   0.4   4.5   9.5  14.2   9.1   5.3   0.0  -3.3  -5.0 
1974  -2.1  -3.2   0.2   1.1   5.6  11.2  13.7  11.0   8.2   2.1  -1.6  -1.7 
1975  -3.7  -1.3  -0.5   0.7   4.4   6.3   9.3   8.9   6.8   2.7   0.5  -4.0 
1976  -7.1  -1.4  -2.0  -0.3   6.5   8.9  10.8  10.6   4.4   1.5  -1.5  -4.2 
1977  -4.7  -5.1  -3.0  -1.5   2.8   6.8  11.7  11.1   5.7   2.9   0.2  -2.6 
1978  -5.8  -6.5  -4.0  -0.2   4.4  10.9  13.1  10.9   5.4   1.1  -0.7  -6.0 
1979  -6.4  -4.8  -2.1   0.4   4.5   9.2  14.2  11.7   6.6   1.6  -1.4  -2.3 
1980  -4.4  -4.2  -2.7   2.2   5.7  11.8  12.7  12.4   7.6   1.8  -3.5  -4.4 
1981  -5.6  -3.5  -6.1   0.0   5.0   6.0  10.9   9.8   6.9   2.0  -1.8  -6.4 
1982  -6.1  -1.3  -1.5   0.4   4.0   5.5  11.5  10.1   5.3   2.7  -0.1  -1.6 
1983  -2.8  -3.4  -2.2   2.2   7.0   8.3  11.5   8.6   8.5   1.7  -3.4  -4.5 
1984  -4.7  -0.9  -3.3   2.1   7.9   9.6   9.8  10.3   6.5   3.2  -0.8   0.9 
1985  -4.6  -7.6  -2.0  -1.5   3.5   8.8  14.6  12.2   6.2   3.2  -1.6  -5.7 
1986  -6.2  -4.2   0.2  -0.6   7.2  10.2  11.9  10.3   5.2   3.7   0.5  -6.6 
1987  -6.4  -6.9  -3.2   0.6   4.3   8.2   9.7   9.4   7.2   7.0  -1.8  -4.8 
1988  -4.1  -5.1  -3.5  -2.2   3.9   9.1  14.1  10.9   7.4   2.2  -2.6  -4.3 
1989  -1.4  -2.9  -0.3   3.5   5.1  10.1   9.6  12.4   7.4   2.2   0.6  -4.2 
1990  -3.1   0.0  -1.6   2.2   3.4  10.9  13.0  12.9   8.5   4.3  -2.0   0.6 
1991  -2.1  -2.7  -2.4   1.8   4.1  11.2  11.2  11.5   5.1   3.5   0.1  -0.4 
1992  -1.2  -1.0  -0.2   0.0   5.4  10.6  10.2  10.4   8.2  -1.5  -2.4  -0.4 
1993  -1.4  -1.8  -1.9   0.1   4.3   6.9  14.5  11.8   5.3   0.3   2.0  -3.9 
1994  -6.2  -3.6  -1.7   2.3   4.2   8.8  10.8  10.9   6.8   1.8  -0.6   0.1 
1995  -2.3  -3.5  -1.1   0.3   4.8   9.2   9.9   9.1   6.6   1.6  -2.5  -4.4 
1996  -0.8  -6.0  -1.2  -0.6   2.8   8.6  11.0  12.3   6.5   3.6  -0.9  -4.4 
1997  -3.9  -4.2  -2.9  -2.2   3.2   9.7  12.6  12.2   9.2   2.1  -1.5  -1.0 
1998  -4.3  -5.7  -3.4  -0.1   3.6  10.2  14.4  11.8   6.6   2.6  -2.0  -2.0 
1999  -3.9  -4.5  -2.3   0.5   4.9  10.3  10.9   8.8   8.6   3.7   2.4  -4.4 
2000 -99.0 -99.0 -99.0 -99.0 -99.0 -99.0 -99.0 -99.0 -99.0 -99.0 -99.0 -99.0 
2001 -99.0 -99.0 -99.0 -99.0 -99.0 -99.0  10.7  10.8   8.8   2.6  -0.7  -2.8 
2002  -3.4  -3.6  -2.1   3.6   7.5  10.8  13.1  12.4   6.8   0.4  -2.8  -4.1 
2003  -7.1   0.3  -0.6   1.9   6.8   9.6  14.6  12.0   6.8   2.2   2.4  -3.0 
2004  -4.2  -3.4  -0.3   3.9   6.5   8.5  15.2  12.1   7.6   3.1  -0.4  -0.2 
2005  -1.5  -1.6  -2.4   2.9   4.7  10.3  13.1  11.7   6.9   5.1   1.5  -2.4 
2006   0.0  -2.6  -4.2   3.2   7.4   9.3  10.9  11.8   8.0   1.7   1.1   0.7 
2007  -3.2  -6.6   0.9   1.0   5.7   9.8  14.2  11.2   6.6   6.1   0.2   1.3 
2008  -1.7  -1.5  -3.1   0.0   4.4   8.7  11.2   9.9   7.1   3.9  -0.6  -0.2 
2009  -2.8  -4.4  -1.9   0.6   7.1   8.2  12.6  12.9   8.1   1.8   0.9  -4.4 
2010  -3.3  -7.3  -4.2   1.6   7.3   7.2  11.7   9.7   8.1   3.3  -2.5  -3.2 
2011  -3.7  -4.4  -1.5   3.1   6.7 -99.0 -99.0 -99.0 -99.0 -99.0 -99.0 -99.0 
