Number= 010980
Name= Vardoe
Country= NORWAY
Lat=   70.4
Long=  -31.1
Height= 14
Start year= 1829
End year= 2011
First Good year= 1829
Source ID= 34
Source file= Jones+Anders
Jones data to= 2001
Normals source= Data
Normals source start year= 1961
Normals source end year= 1990
Normals=  -5.1  -5.4  -3.6  -1.1   2.5   6.2   9.2   9.1   6.6   2.4  -1.3  -3.7 
Standard deviations source= Data
Standard deviations source start year= 1941
Standard deviations source end year= 1990
Standard deviations=   1.4   2.0   1.9   1.3   1.2   1.2   1.4   1.0   1.0   1.5   1.4   1.9 
Obs:
1829 -99.0 -99.0 -99.0 -99.0 -99.0   5.4   8.9   8.4   7.3   0.9  -2.8  -3.4 
1830  -3.4  -3.8  -2.6  -3.0   0.7   6.1   8.1   7.7   6.9   2.2   0.3  -4.8 
1831  -9.5  -6.3  -5.0  -2.5   2.4 -99.0 -99.0 -99.0 -99.0 -99.0 -99.0 -99.0 
1832 -99.0 -99.0 -99.0 -99.0 -99.0 -99.0 -99.0 -99.0 -99.0 -99.0 -99.0 -99.0 
1833 -99.0 -99.0 -99.0 -99.0 -99.0 -99.0 -99.0 -99.0 -99.0 -99.0 -99.0 -99.0 
1834 -99.0 -99.0 -99.0 -99.0 -99.0 -99.0 -99.0 -99.0 -99.0 -99.0 -99.0 -99.0 
1835 -99.0 -99.0 -99.0 -99.0 -99.0 -99.0 -99.0 -99.0 -99.0 -99.0 -99.0 -99.0 
1836 -99.0 -99.0 -99.0 -99.0 -99.0 -99.0 -99.0 -99.0 -99.0 -99.0 -99.0 -99.0 
1837 -99.0 -99.0 -99.0 -99.0 -99.0 -99.0 -99.0 -99.0 -99.0 -99.0 -99.0 -99.0 
1838 -99.0 -99.0 -99.0 -99.0 -99.0 -99.0 -99.0 -99.0 -99.0 -99.0 -99.0 -99.0 
1839 -99.0 -99.0 -99.0 -99.0 -99.0 -99.0 -99.0 -99.0 -99.0 -99.0 -99.0 -99.0 
1840  -9.7  -4.0  -4.8  -1.0   1.2   5.8   8.8   9.9   6.5   1.6  -3.5  -3.8 
1841  -7.5  -6.5  -4.4   0.5   3.3   6.1   9.3  10.5   5.4   0.8  -0.8  -1.7 
1842  -3.2  -3.4  -5.4  -2.2   2.9   5.1   8.7  12.1   5.7  -0.2  -3.4  -3.3 
1843  -3.0  -5.8  -7.1  -3.1   0.9   4.4   7.8  10.8   7.3   0.7  -1.2  -2.8 
1844  -7.2 -11.2  -6.6   1.3   4.4   6.1   6.6  11.5   6.5   1.7  -3.3  -3.3 
1845  -2.1  -9.4  -7.4  -4.8   0.3   7.2   8.7   9.7   7.1   0.7   0.5  -3.2 
1846  -6.6  -8.3  -2.6  -0.1   0.7   6.4  10.4  10.8   6.7   4.9  -0.9  -6.0 
1847  -3.6  -8.1  -6.1  -3.8  -0.2   6.6   9.5  12.0   9.3   2.2  -0.2  -1.5 
1848  -6.0  -5.8  -3.1  -1.4   1.6   5.3   7.4   8.8   7.2   0.4  -4.3  -3.4 
1849  -8.7  -5.2  -5.0  -1.8   0.8   4.9  11.0   9.9   6.4   0.0  -1.4  -5.0 
1850  -7.9  -6.7  -8.8  -0.9   1.1   4.4   9.2   9.4   3.7   0.0  -4.2  -5.4 
1851  -4.0  -6.3  -6.7  -1.7   1.0   6.7  11.9   9.7   7.3   2.9  -2.2  -4.1 
1852  -9.6  -7.8  -3.9  -4.0   4.3   6.6   9.0   9.4   6.4  -0.3  -4.4  -6.4 
1853  -2.0  -7.8  -7.2  -0.4   2.0   7.5  10.5   8.7   8.8   2.4   2.3  -1.4 
1854  -4.4  -7.0  -1.0  -2.7   1.8   8.4   9.0  10.7   6.2   2.6  -3.0  -4.7 
1855  -5.8  -7.3  -6.3   0.2   2.1   5.6   7.0   8.4   5.7  -1.2  -2.0  -5.5 
1856 -10.0  -8.0  -8.0  -4.2  -1.1   4.4   6.1   7.5   5.8   0.2  -5.3  -6.7 
1857  -7.6  -6.3  -2.1  -0.4   1.7   4.7   7.0   9.9   4.2   0.0  -2.0  -3.8 
1858  -2.2  -2.7  -2.9  -0.6   3.8   7.4  11.8  10.0   7.0   2.4  -3.6  -3.3 
1859  -4.2  -4.2  -4.6  -2.2   3.0   8.5   9.1   8.5   6.8   3.0  -2.1  -5.1 
1860  -6.0  -8.3  -4.4   0.3   1.7   5.8   8.9  10.9   5.5   2.7  -1.7  -6.2 
1861  -6.4  -5.0  -2.4  -2.1   2.7   9.0  10.5  12.1   6.8   3.4  -3.8  -3.6 
1862  -9.4  -7.8  -8.1  -0.4   1.2   5.0   6.7   6.9   5.4   2.6  -0.3  -5.4 
1863  -4.6  -6.0  -4.9   1.3   2.5   8.4  10.7   8.6   9.0   3.4  -2.2  -3.7 
1864  -3.8  -4.9  -5.6  -0.7   1.5   7.3   8.9   8.3   6.4  -1.2  -6.2  -2.9 
1865  -7.8 -10.8  -6.3  -4.0   1.0   6.5  10.1   8.4   6.2   0.3  -1.7  -3.1 
1866  -4.0  -9.5  -8.0  -4.4   1.0   6.5   8.2  11.9   8.1   2.8  -3.8  -6.3 
1867  -9.6  -6.5  -7.0  -2.9  -1.4   3.7   7.2   8.0   4.9   2.2  -5.8  -7.5 
1868  -8.7  -7.2  -3.0  -0.9   3.4   5.5   9.1  10.3   5.2   1.7  -1.1  -4.6 
1869  -3.9  -3.8  -3.4  -0.8   1.8   7.2   9.5   8.7   6.1  -0.4  -1.7  -4.4 
1870  -5.5  -7.5  -4.5  -0.3   0.9   6.6   9.7   7.6   7.0  -0.2  -4.2  -6.8 
1871  -4.9 -10.3  -2.1  -1.7   1.6   4.1   7.8   7.9   4.7   1.7  -3.2  -7.0 
1872  -4.7  -4.7  -6.7  -0.7   0.7   6.2   8.6   9.0   3.8   2.3  -2.2  -6.0 
1873  -4.9  -6.2  -5.0  -4.1  -0.2   7.1   8.1  10.2   7.9   0.8  -2.7  -4.2 
1874  -3.2  -5.3  -4.1  -0.2   0.7   4.2   8.1   9.9   6.7   4.2  -3.0  -4.7 
1875  -6.4  -6.4  -4.5  -2.9   2.5   5.2   9.5   8.9   5.5   1.8  -2.4  -7.1 
1876  -4.4  -4.5  -5.3  -3.6  -0.5   6.9  10.8   9.6   6.5   1.4  -2.4  -5.0 
1877  -6.3  -7.8  -5.6  -3.5   1.1   5.9   8.9   6.9   4.1   1.2   1.0  -1.5 
1878  -3.7  -4.0  -3.8  -0.9   3.0   6.6   7.5   7.0   7.8   3.1  -0.3  -1.7 
1879  -2.0  -5.3  -2.0  -0.4   3.0   4.1   6.4   9.6   7.7   2.0  -3.6  -4.1 
1880  -3.9  -5.5  -6.1  -2.4   1.2   5.2   7.9  10.0   7.1  -0.5  -4.2  -5.8 
1881  -8.2  -8.5  -8.8  -4.7  -1.3   3.1   7.1   8.1   4.8   2.7  -3.7  -3.4 
1882  -4.6  -6.0  -4.7  -1.5   1.3   4.0   9.4  10.6   7.3   3.6  -3.7  -6.4 
1883  -4.4  -2.9  -4.0   1.4   3.0   8.0   8.0   8.0   5.3   1.3   0.3  -3.4 
1884  -6.0  -3.4  -2.0  -3.9   0.2   5.7   8.5   8.7   6.7   2.5  -1.5  -5.9 
1885  -7.0  -3.7  -3.9  -1.2  -0.4   4.3   9.4   9.2   5.8  -0.6  -3.2  -5.8 
1886  -8.0  -4.3  -2.5  -2.1   0.9   4.8   9.2   9.5   5.8   3.3  -0.2  -5.2 
1887  -2.9  -2.1  -4.7  -0.4   4.3   5.0   9.5   8.9   6.9  -0.2  -3.4  -6.8 
1888  -7.0  -7.8  -7.4  -3.6   1.3   5.0   7.5   8.5   4.9   0.3  -2.2  -4.9 
1889  -5.3  -6.0  -5.9  -0.6   3.6   7.1   8.1   9.4   7.1   3.8   0.5  -1.2 
1890  -5.0  -2.4  -2.5  -1.1   1.6   5.6   9.4   9.8   8.4   1.2  -2.2  -1.8 
1891  -6.5  -3.1  -5.5  -1.2   0.5   4.6   8.4   6.3   4.8   2.1  -2.8  -3.2 
1892  -7.5  -7.0  -1.9  -2.0   0.8   4.1   6.7   7.3   6.4  -0.4  -1.1  -7.8 
1893  -9.1  -8.4  -7.5  -2.7   1.9   4.4   6.8   7.7   3.9   2.2  -4.8  -3.7 
1894  -3.6  -4.2  -4.3   0.3   2.9   6.8   9.0  10.3   4.4  -0.6  -2.1  -5.0 
1895  -6.7  -7.0  -6.0  -1.8   3.1   6.7   7.1   6.9   6.0   1.2  -1.3  -2.6 
1896  -7.0  -4.5  -3.2   0.0   2.7   5.7   9.0   8.4   7.0   1.0  -3.6  -3.9 
1897  -3.2  -7.1  -6.1   1.6   6.6   5.1   8.8   8.1   7.2   3.4  -1.8  -4.6 
1898  -4.6  -6.0  -5.2   0.8   3.0   6.0  10.0   9.8   8.2   2.2  -1.6  -5.1 
1899  -6.2  -6.4  -7.8  -3.8  -1.2   3.5   8.2   7.4   7.3   1.0  -1.0  -4.6 
1900  -5.6  -8.3  -4.9  -2.3   0.7   3.4   5.3   7.2   4.3   1.8   0.3  -5.6 
1901  -1.9  -8.9  -5.1  -0.7   0.9   5.9   8.9   7.2   7.5   5.5  -2.8  -6.5 
1902  -7.4  -7.3  -8.0  -3.6   0.3   2.9   7.2   7.1   4.5  -2.0  -2.1  -1.8 
1903  -5.5  -4.4  -1.9  -1.5   2.0   5.9   7.1   7.6   5.3  -0.6  -1.2  -3.1 
1904  -2.8  -7.3  -3.8   0.8   2.0   6.1   8.1   8.6   7.3   3.9  -3.6  -6.3 
1905  -4.8  -5.5  -3.2  -1.0   3.3   5.9   9.0   9.0   7.0   0.4  -3.0  -2.2 
1906  -3.2  -5.0  -6.0  -0.8   2.4   6.3   8.9   6.8   6.1   2.0  -2.0  -3.5 
1907  -8.4  -3.9  -1.4   0.6   1.4   7.8   8.7   8.4   5.1   3.2   0.6  -5.1 
1908  -4.9  -5.6  -2.8  -0.7   1.8   6.5   8.4   8.2   5.9   2.6  -2.9  -2.3 
1909  -2.9  -4.1  -4.7  -3.1   0.9   4.5   8.6  10.2   7.0   2.8  -3.3  -4.0 
1910  -4.3  -1.7  -2.1  -1.6   2.9   4.9   6.7   6.7   5.9   0.3  -2.5  -3.7 
1911  -4.0  -6.3  -3.7  -2.3   3.0   5.2   8.5   9.0   7.5   0.2   0.0  -1.5 
1912  -7.0 -10.0  -4.8  -3.1   0.8   4.7   8.0   7.9   4.8  -0.5  -1.7  -4.0 
1913  -3.4  -5.2  -3.7  -0.3   1.5   5.0  10.9  10.0   6.6   0.0  -0.8  -3.3 
1914  -6.2  -4.8  -4.3  -0.5   3.1   7.2   8.8   8.7   6.2   2.8  -0.6  -2.9 
1915  -5.5  -6.0  -6.9   0.3   1.3   5.2  10.2   9.5   5.2   1.9  -3.3  -7.7 
1916  -5.3  -4.5  -5.3  -2.4  -0.5   4.8  10.1   8.3   5.9   0.3  -0.3  -4.2 
1917  -6.0  -9.2  -7.4  -3.4  -0.8   6.2   8.1   8.9   5.3   2.3  -2.4  -4.9 
1918  -9.5  -5.8  -3.0   0.2   1.0   5.9   8.3   7.5   6.7   2.3   0.7  -3.0 
1919  -4.1  -7.0  -4.5  -2.6   3.2   7.4   9.4   9.5   7.2   1.5  -2.9  -4.8 
1920  -6.2  -4.3  -0.5   0.2   4.7   7.1  11.3  10.7   8.0   2.1   0.4  -1.1 
1921  -5.4  -4.8  -2.7   1.7   4.9   8.7   8.7   9.8   6.4   1.0  -2.4  -3.1 
1922  -4.2  -3.8  -4.3  -0.7   4.5   7.5  10.8   9.8   9.0   3.1  -0.8  -4.3 
1923  -2.7  -4.6  -2.7  -1.9   1.8   6.0   9.4   8.0   6.8   3.5  -0.9  -2.8 
1924  -4.6  -7.0  -4.3  -1.8   2.6   4.4   8.9  11.1   7.6   4.5  -0.1  -1.2 
1925  -1.1  -3.6  -5.3  -0.9   2.0   5.5  10.0   9.5   7.2   1.2  -3.0  -5.1 
1926  -5.1  -6.5  -3.3  -1.7   1.3   4.7   7.3   8.1   7.0   0.4  -1.2  -4.9 
1927  -7.2  -3.6  -4.5  -1.3   1.0   5.4  10.2  10.2   5.7   0.8  -2.5  -3.7 
1928  -4.3  -3.0  -2.2  -0.5   2.0   4.6   9.0   9.5   7.4   0.3  -2.6  -2.9 
1929  -6.0  -5.3  -6.0  -4.8   2.7   4.5   7.6   9.4   7.1   3.0   0.6  -0.3 
1930  -1.7  -3.8  -4.5  -0.8   3.4   6.6   9.7  10.2   4.8   2.5  -0.1  -3.0 
1931  -5.1  -6.1  -4.9  -0.9   2.9   4.1  10.2   9.6   5.2   2.2   0.9  -0.9 
1932  -3.2  -4.8  -4.4  -1.0   1.0   5.1   8.0   9.5   6.4   1.7  -0.8  -0.7 
1933  -2.6  -5.4  -5.4  -1.8   2.1   6.3   9.7  10.0   7.3   2.3  -0.8  -3.3 
1934  -1.9  -5.3  -2.8  -2.5   4.2   5.6  10.1   9.6   9.2   3.6   0.2  -0.4 
1935  -4.2  -4.4  -2.4  -0.6   1.2   6.6   7.8   9.4   5.5   3.4   1.2  -1.6 
1936  -5.4  -7.5  -5.4  -0.6   4.5   8.3   8.4  10.9   6.4   2.5   0.4  -0.6 
1937  -2.4  -5.2  -4.0   1.8   4.3   8.7  10.5  12.7   7.6   4.4  -0.6  -3.9 
1938  -3.7  -1.5  -1.9  -0.1   3.1   5.9  11.6  10.3   9.3   4.4   1.5  -0.8 
1939  -4.1  -4.6  -3.4  -1.6   2.3   6.2   9.2  10.8   4.8   2.0   1.1  -3.8 
1940  -5.9  -7.1  -6.0  -2.8   3.6   5.9   7.9  10.0   7.3   3.0  -1.6  -2.8 
1941  -6.5  -7.0  -6.1  -3.2   0.5   4.9   9.6   9.4   5.9   0.4  -1.2  -6.1 
1942  -6.7  -7.7  -6.9  -1.5   0.5   5.2   8.4   9.1   6.2   2.1  -1.7  -4.1 
1943  -6.1  -3.0  -2.9  -0.8   3.5   7.0   9.7   9.4   6.9   2.0   0.3  -0.8 
1944  -3.1  -3.8  -2.5  -2.3   2.4   5.9   7.2   8.9   7.4   4.2   0.3  -0.5 
1945  -5.3  -4.9  -4.2   0.0   2.4   5.2   9.4  11.2   7.0   0.4  -2.4  -5.6 
1946  -2.6  -8.0  -5.2  -0.8   2.4   6.7   9.5   9.5   8.5   1.5  -1.1   0.3 
1947  -3.3  -7.0  -6.7  -0.5   1.4   6.5   8.8   9.4   7.8   2.7  -0.7  -2.7 
1948  -6.5  -4.7  -4.3   0.3   4.0   6.1   8.7   8.5   7.3   2.9   0.0  -2.3 
1949  -3.6  -2.4  -3.5  -0.4   2.6   4.6   7.6   8.5   7.0   1.0   0.7  -2.3 
1950  -3.3  -4.8  -1.8   1.5   2.8   6.1   7.1  10.8   7.9   5.1  -0.7  -1.4 
1951  -5.9  -5.6  -3.9   0.7   1.3   5.6   6.9  10.4   6.2   4.9  -2.1  -3.3 
1952  -3.9  -4.3  -5.2  -1.1   1.8   6.8   9.4   7.6   6.5   1.5  -1.4  -4.9 
1953  -5.4  -7.2  -3.6  -0.4   2.7   7.7   8.2  10.0   5.7   3.6   1.3  -0.3 
1954  -2.9  -5.6  -2.8   0.2   3.7   6.2  10.6   8.6   6.7   1.8  -2.0  -0.5 
1955  -3.5  -6.7  -5.4  -1.3   2.3   4.9   7.9   9.1   7.0   2.0  -2.9  -8.3 
1956  -5.2  -8.2  -2.5  -3.2   3.3   7.4   7.2   7.4   5.0   1.6  -2.0  -1.6 
1957  -3.0  -2.6  -4.7  -0.3   2.4   5.5  10.4  10.0   6.8   3.0   0.3  -4.0 
1958  -6.4  -4.7  -4.8  -2.0   0.7   5.5   8.5   8.8   6.1   3.0   0.7  -5.5 
1959  -4.3  -1.3  -0.7  -1.5   3.4   7.3   9.6   9.7   5.7   2.5   0.4  -3.4 
1960  -4.4  -6.0  -1.5   1.4   4.5   6.7  13.5  10.5   7.7  -0.6  -2.4  -3.5 
1961  -3.5  -3.6  -2.2  -2.3   2.0   8.1  10.6  10.2   7.1   6.3   0.3  -4.7 
1962  -5.0  -4.4  -7.0  -0.6   1.6   4.6   8.0   7.8   6.6   2.2   0.9  -3.9 
1963  -5.3  -7.6  -7.3  -0.7   5.7   5.1   8.0   8.2   8.1   3.4  -1.8  -4.3 
1964  -3.4  -6.2  -1.5  -1.6   3.0   6.7  10.8   9.4   6.4   3.9  -2.1  -3.2 
1965  -4.5  -5.2  -5.1  -0.7   0.7   5.7   6.9   7.6   6.4   1.7  -2.2  -4.9 
1966  -7.9  -8.8  -8.0  -2.9   1.0   6.4   9.8   8.6   4.4  -0.2  -0.2  -4.4 
1967  -6.1  -5.0  -1.1  -0.1   2.6   7.0   9.5  10.3   7.9   2.4   2.1  -4.2 
1968  -7.4  -5.5  -4.1  -2.1   0.4   5.1   6.7   8.6   4.1  -1.1  -1.6  -1.8 
1969  -6.7  -9.7  -4.7  -2.2   0.9   4.6   8.4   9.0   6.5   3.7  -0.8  -3.5 
1970  -3.2  -8.3  -2.4  -2.8   3.0   7.3   9.8  10.7   7.0   3.3  -1.8  -2.3 
1971  -5.3  -6.3  -5.9  -2.3   1.7   4.1   8.8   9.3   5.9   1.2  -4.4  -3.3 
1972  -3.6  -4.6  -2.5  -0.9   2.7   8.4  12.2  11.7   7.1   2.9  -2.1  -0.2 
1973  -3.3  -4.2  -3.5   0.2   3.3   7.3  11.6   9.5   5.5   0.5  -2.0  -5.4 
1974  -3.7  -3.1  -0.6  -0.2   2.1   7.3  11.6  10.2   8.5   2.5  -1.8  -1.0 
1975  -4.3  -2.9  -1.0   0.0   3.6   5.6   8.4   7.5   7.6   1.4  -0.5  -4.3 
1976  -5.6  -4.3  -3.1  -0.1   3.5   5.5   9.6   9.7   5.0   1.3  -2.3  -2.9 
1977  -4.8  -4.8  -4.2  -1.8   2.4   6.0   8.6   8.3   5.9   1.6   0.8  -3.4 
1978  -6.3  -7.0  -4.5  -2.4   2.9   4.5   7.0   8.1   5.5   1.2  -1.1  -5.8 
1979  -7.4  -6.5  -3.8  -2.4   2.6   5.4   9.2   9.9   7.4   1.1  -1.5  -1.9 
1980  -5.0  -6.2  -4.3   0.1   1.8   6.7   7.7   9.1   7.2   2.4  -2.9  -5.2 
1981  -5.8  -6.3  -6.2  -2.4   2.1   5.1   8.7   8.8   6.6   3.5  -0.7  -5.7 
1982  -6.0  -4.1  -2.6  -0.3   2.5   4.0  10.1   8.1   6.2   1.9  -0.6  -2.1 
1983  -2.6  -4.2  -1.9   1.0   2.3   6.6  10.0   8.8   7.8   3.0  -3.0  -5.3 
1984  -4.8  -2.7  -4.1  -0.2   4.8   6.8   8.8   8.9   6.4   2.9  -1.9  -1.2 
1985  -7.4  -8.5  -2.2  -2.0   1.6   5.7   8.7   9.3   7.3   2.8  -0.7  -6.1 
1986  -5.4  -6.8  -1.8  -1.7   2.8   7.8   8.1   9.1   4.9   3.4   0.4  -5.5 
1987  -5.6  -7.3  -4.5  -1.6   2.2   4.9   8.3   7.0   6.8   6.0  -2.9  -4.5 
1988  -5.2  -4.1  -4.3  -2.9   2.6   6.3  10.2   9.3   7.4   2.2  -3.6  -5.7 
1989  -3.6  -3.7  -0.8   2.7   5.1   9.3  10.0  10.3   7.7   2.2   0.6  -3.7 
1990  -5.5  -0.3  -1.9   1.6   2.4   6.8  10.1  10.9   7.6   2.9  -2.0  -0.6 
1991  -3.7  -2.7  -3.8   0.8   2.9   6.8   9.4  10.3   5.9   3.1  -0.3  -1.5 
1992  -1.8  -2.0  -0.7  -1.4   5.1   7.1   8.7   8.7   8.4  -0.7  -2.6  -1.0 
1993  -2.4  -3.4  -2.7  -1.2   3.0   5.0   7.9   9.3   4.5   0.4  -1.5  -4.4 
1994  -5.5  -4.1  -2.6   1.9   2.7   5.9  10.0  10.8   6.9   1.5  -1.8  -1.5 
1995  -3.2  -3.1  -1.3  -0.1   3.0   6.9   8.8   8.5   6.8   1.7  -2.6  -5.4 
1996  -2.6  -6.1  -1.8  -1.7   1.0   5.5   7.9  10.3   6.5   3.7  -0.2  -3.4 
1997  -5.6  -4.9  -2.0  -2.9   2.6   5.4   8.4  10.6   8.5   2.5  -1.5  -2.7 
1998  -4.8  -8.9  -4.2  -2.3   2.5   4.5   9.0   9.4   6.1   2.5  -3.4  -3.3 
1999  -6.6  -6.0  -2.7  -0.3   0.8   7.7   9.8   9.0   8.3   4.3   0.1  -3.4 
2000  -3.1  -3.7  -2.8  -0.3   3.3   6.8   9.8  10.1   7.7   6.2   1.2  -2.8 
2001  -1.5  -4.8  -4.7  -0.8   2.6   7.8  10.9   9.7   8.6   2.7  -1.8  -2.5 
2002  -3.5  -4.3  -2.5   2.2   3.8   7.0  11.6   9.5   6.1   2.3  -1.7  -3.8 
2003  -7.1  -2.3  -1.8   0.2   4.3   5.5  11.1  10.4   7.3   3.7   1.8  -3.1 
2004  -3.9  -4.8  -0.8   1.6   4.0   6.9  13.2  11.7   8.1   3.3  -0.8  -0.9 
2005  -2.4  -3.1  -3.9   0.1   3.7   7.9  10.2  11.2   7.6   4.8   2.0  -1.3 
2006  -2.5  -4.7  -3.0   2.7   4.7   8.3   9.6  10.0   7.0   2.3  -0.3  -0.1 
2007  -2.2  -5.9   0.6   0.8   3.6   7.5   9.0  10.7   7.8   5.6  -0.2   0.7 
2008  -2.0  -2.5  -2.7  -0.9   2.8   6.1   8.8   8.3   7.1   3.8  -0.3  -0.1 
2009  -3.6  -4.7  -2.7  -0.6   3.9   6.5   8.5   9.4   8.3   2.3   1.3  -2.2 
2010  -5.1  -5.9  -3.9   1.6   4.5   7.0  10.1   8.5   7.6   4.4  -1.0  -3.3 
2011  -4.7  -6.7  -2.1   2.5   4.1 -99.0 -99.0 -99.0 -99.0 -99.0 -99.0 -99.0 
