Number= 011120
Name= BRONNOYSUND
Country= NORWAY
Lat=   65.6
Long=  -12.3
Height= -999
Start year= 1870
End year= 1955
First Good year= 1870
Source ID= 10
Source file= Jones
Jones data to= 1955
Normals= -99.0 -99.0 -99.0 -99.0 -99.0 -99.0 -99.0 -99.0 -99.0 -99.0 -99.0 -99.0 
Obs:
1870  -0.2  -2.7  -0.2   4.6   5.8   9.9  12.5  13.5  10.3   3.6   1.2  -2.0 
1871  -0.7  -6.9   2.7   0.1   5.8   8.3  12.9  12.3   8.4   6.5  -0.4  -0.6 
1872   2.3   1.7   0.2   5.1   6.4  14.1  13.7  11.2   7.9   7.5   2.6  -2.3 
1873   1.2  -1.4   0.2   2.4   6.2  12.1  14.8  13.7  10.6   5.0   2.7   1.5 
1874   1.7   1.7   0.6   3.8   5.4   8.7  12.4  11.6  10.4   8.0   0.4  -3.8 
1875  -4.8  -1.1   0.8   2.0   9.2  11.1  12.9  11.6   8.9   5.1   1.0   0.5 
1876   1.8  -2.0  -1.0   3.3   4.7  12.1  12.5  12.3  10.5   5.9  -0.1  -4.0 
1877  -2.2  -2.8  -1.8   1.6   5.5   9.2  13.8  12.0   8.0   4.5   4.7   1.8 
1878  -0.2   1.2  -0.4   3.7   7.8  11.1  12.0  12.2  10.4   8.5   1.4  -2.3 
1879  -1.3  -3.5  -0.3   2.2   6.8   9.7  14.0  15.4  11.0   4.8   1.1   1.1 
1880   1.6   0.7   1.8   3.3   5.7   9.9  12.6  14.3  12.5   1.0   0.4  -2.5 
1881  -4.6  -4.7  -2.6  -0.5   4.3   9.9  11.7  13.2  10.7   5.5   3.6   1.5 
1882   2.3  -0.5   0.0   2.3   7.5  11.9  15.0  15.3  12.6   7.7  -0.5  -2.2 
1883   0.5   1.1  -1.5   6.0   8.3  12.8  14.2  13.0  10.3   6.4   4.1   2.0 
1884   0.6   1.2   3.0   3.7   6.4  10.3  13.8  15.8  12.4   7.2   2.3  -0.6 
1885  -0.5   0.9   0.3   4.1   6.3   8.8  12.1  11.1   9.3   3.3   2.4   0.3 
1886  -3.1   0.1   1.4   4.0   7.0  11.6  12.3  12.9   9.4   7.9   5.2  -1.6 
1887   2.2   2.7   0.9   2.7   7.0   8.4  12.0  11.3  11.3   4.0   1.8  -2.7 
1888   0.7  -2.4  -4.5   1.1   6.7   9.3  10.9  11.4   8.4   3.6   1.3   2.9 
1889   0.3  -3.8  -1.8   4.4  10.9  13.6  13.1  11.7   9.1   7.6   5.8   2.6 
1890   3.1   1.2   2.4   5.4  10.0  11.3  11.8  13.1  10.7   4.7   3.2   2.4 
1891  -0.5   3.4  -1.4   4.1   7.3   7.8  14.0  12.8   9.5   9.1   3.1   2.1 
1892  -1.6  -2.6   1.4   2.7   5.2   8.5  10.4  10.2   9.0   5.0   4.4  -0.7 
1893  -3.2  -4.0  -0.5   3.3   7.3  10.5  11.2  11.0   7.2   6.2   1.3   2.7 
1894   0.8   0.1   2.5   8.0   8.2  12.0  14.7  11.6   7.7   4.1   3.8   0.9 
1895  -3.6  -3.3  -0.9   3.8   9.9  12.7  13.8  13.9   9.3   5.2   3.8   0.8 
1896   0.7   1.8   1.5   4.3   6.2   9.8  13.3  12.2  10.7   4.1   2.1   0.1 
1897  -2.0  -1.3  -1.3   5.5   8.9   9.2  12.1  13.9  10.0   7.7   2.9   1.9 
1898   2.4  -1.7  -0.6   3.9   8.0  11.5  11.9  12.1   9.5   4.9   2.4  -0.2 
1899  -2.7  -1.7  -4.1   1.3   4.5  11.4  15.4  10.4   9.5   4.8   3.4  -1.6 
1900  -1.2  -6.2  -0.7   2.2   5.1  10.9   9.9  11.3   8.2   5.6   2.8  -0.8 
1901   2.1  -3.2  -1.0   5.2   7.3  12.2  14.9  14.2  12.3   9.0   0.7  -2.4 
1902   0.0  -0.7  -1.2   3.5   6.6   7.6   9.8  11.2   7.4   4.2   3.3   1.0 
1903   0.4   1.3   3.2   3.6   6.8   8.0  11.1  12.2  10.6   2.9   3.1   2.2 
1904   2.4  -4.3   1.0   4.7   6.3   9.2  10.6  11.0  10.5   6.3   0.1  -0.8 
1905  -0.9   0.4   1.1   2.3   6.6  11.3  12.5  13.3   9.7   2.5   1.8   2.3 
1906   1.0  -0.4  -1.2   4.1   7.4   8.9  13.1  11.9   9.9   6.6   3.3  -0.7 
1907  -0.9   0.3   2.2   4.4   6.2  12.4  11.6  10.0   7.7   8.7   4.2  -1.5 
1908   1.5  -0.4   0.7   3.2   5.6   8.8  12.4  12.6   9.5   7.8   0.2   1.4 
1909   2.1  -0.5  -1.6   2.4   5.0   9.1  11.9  11.2   9.0   7.1  -0.2  -0.5 
1910  -0.9   2.3   2.9   3.9   7.9  10.7  11.9  13.3   9.0   6.2   0.2   1.3 
1911   0.4   0.0   0.8   2.8   8.5   9.8  11.8  13.2  10.2   4.3   1.8   3.0 
1912  -2.0  -1.9   2.4   2.3   7.3  11.1  13.9  14.7   8.6   4.8   2.2   1.5 
1913  -1.0   0.8   1.6   5.0   7.9   9.3  11.9  13.2   9.6   5.6   4.8  -0.2 
1914   0.3   2.3   0.4   4.5   5.5  10.4  16.0  13.4  10.3   5.9   2.7   0.7 
1915  -2.3  -0.6  -2.2   3.0   4.7   7.4  12.5  12.2   7.6   4.7   0.2  -6.0 
1916   0.3   1.1  -1.6   4.8   8.1  11.3  15.3  12.0   8.3   4.1   4.2  -0.4 
1917  -2.4  -1.7  -1.8   1.0   4.9  11.6  11.5  15.8   9.8   5.9   3.0  -0.8 
1918  -2.4   1.2   1.8   5.0   7.4  10.4  15.4  13.3   9.3   7.2   5.0  -0.9 
1919   0.8  -1.4  -1.1   2.1   9.4  10.6  12.4  10.8   9.0   4.4  -0.9  -2.0 
1920   0.5   1.6   3.9   4.9   8.8   9.3  13.4  12.5  11.7   7.3   4.8   1.1 
1921  -0.8   1.7   3.3   6.2   7.3   7.8  10.6  11.7   9.1   5.3   0.8   1.2 
1922  -2.9  -0.2   0.3   3.5   7.4  10.3  14.3  13.7  10.0   5.2   2.4   0.2 
1923   1.1  -2.3   2.9   3.2   6.9   7.2  12.4  12.3  10.1   5.9   1.1  -1.0 
1924   1.1  -2.2  -1.9   2.7   6.5   9.4  15.5  15.6  11.6   9.0   4.1   3.4 
1925   3.7   0.1  -1.9   4.9   8.5  10.2  16.7  14.7  10.8   3.7  -0.4  -1.8 
1926  -0.4  -0.1   1.1   4.8   6.9  11.9  12.6  13.8   9.8   2.5   3.4  -0.1 
1927  -0.8   0.7   2.2   2.4   5.8  10.3  16.4  14.9   9.9   4.0   0.3  -0.8 
1928   0.1   0.5   2.5   4.5   6.3   9.0  10.7  12.2   9.1   5.5   2.8   0.9 
1929  -0.7  -1.2   2.8   0.9   8.3  10.2  10.7  11.6   9.9   5.4   4.0   4.0 
1930   2.5   1.1   1.2   6.5   8.7  12.9  15.6  15.7   9.4   6.8   1.8   2.3 
1931  -1.3  -1.3  -1.7   4.3   8.6   7.5  14.9  11.2   7.3   4.4   5.2   0.9 
1932   2.3   1.6   0.2   3.6   7.2   9.2  14.4  12.3   8.6   4.1   3.2   4.0 
1933   1.6  -2.6   0.6   2.4   7.3  14.2  13.6  13.5  11.9   6.2   1.7   1.5 
1934   3.1   1.2   1.8   3.8   8.5   9.5  15.3  16.8  13.7   7.4   3.2   1.9 
1935   0.1   0.5   0.3   3.7   4.7  10.0  12.2  13.3   9.4   6.1   4.9   2.6 
1936  -1.3  -2.3   1.5   3.2   9.3  12.0  15.0  13.2  10.5   5.1   4.1   3.3 
1937   1.1  -3.2  -0.9   7.8   9.0  11.4  16.4  15.3  10.8   8.8   3.2  -1.3 
1938   1.3   2.9   2.7   3.0   7.0  10.4  15.4  14.4  11.5   9.2   5.3   1.9 
1939  -0.7   2.6   1.4   3.2   7.1  10.7  14.7  15.3  10.4   5.9   3.8  -0.5 
1940  -2.1  -4.4  -2.5   2.5  10.2  11.5  12.0  11.1   9.6   7.1   2.2   0.9 
1941  -3.5  -2.9  -0.8   2.4   6.2   8.8  16.9  13.3   9.9   4.7   2.8  -1.3 
1942  -5.6  -2.7  -2.9   3.4   6.2   9.3  12.0  13.4  10.3   6.0   3.5   1.3 
1943  -2.1   1.3   3.5   3.6   7.3  11.5  13.1  11.9  10.5   8.3   2.6   3.8 
1944   0.8   1.6   0.4   2.6   5.7  10.8  13.1  12.1  10.4   8.2   2.9   3.0 
1945  -2.7   1.2   2.2   4.5   7.9  10.1  14.0  14.0   9.6   5.1   4.3   0.3 
1946   1.8  -3.1   0.4   4.4   7.0  11.2  14.6  14.9  13.1   7.8   3.2   3.4 
1947  -0.1  -5.4  -3.0   3.0   7.4  10.9  14.2  13.5  11.4   5.6   1.2   0.4 
1948  -3.0   1.8   4.1   5.2   8.2   9.6  14.5  11.3  10.0   5.5   3.9   4.3 
1949   1.2   2.5   0.4   3.8   7.8  10.4  11.5  11.4  13.1   6.8   4.9   1.7 
1950  -1.7   0.0   1.7   5.4   6.4  11.1  14.5  17.3  11.7   7.7   3.1   0.2 
1951  -2.1   0.0  -0.8   3.0   5.1   8.6  10.9  16.1  11.6   8.9   1.6   2.4 
1952  -0.3  -0.4  -0.4   5.5   7.6  10.3  12.5  11.1   7.7   4.7   1.1  -1.1 
1953   0.5  -2.7   3.0   4.0   6.7  14.5  14.5  14.2  10.4   8.9   5.0   3.6 
1954 -99.0 -99.0 -99.0 -99.0 -99.0 -99.0 -99.0 -99.0 -99.0 -99.0 -99.0 -99.0 
1955  -1.2  -1.8  -0.1   1.2   5.0   8.2  12.4  13.6  11.8   4.9   2.6  -3.1 
