Number= 012420
Name= ROROS
Country= NORWAY
Lat=   62.6
Long=  -11.4
Height= 628
Start year= 1871
End year= 1955
First Good year= 1871
Source ID= 10
Source file= Jones
Jones data to= 1955
Normals= -99.0 -99.0 -99.0 -99.0 -99.0 -99.0 -99.0 -99.0 -99.0 -99.0 -99.0 -99.0 
Obs:
1871 -15.1 -16.4  -3.1  -5.3   2.3   9.0  12.4  10.6   4.7   0.6  -8.6 -10.1 
1872  -7.8  -6.6  -4.7  -0.1   5.3  12.4  12.4   9.2   5.1   2.8  -3.5 -11.9 
1873  -6.1  -6.3  -8.3  -2.2   2.9  11.3  13.3   9.8   6.2   0.2  -2.8  -4.5 
1874  -4.9  -4.8  -5.6  -0.9   1.0   7.9  11.3   9.1   6.7   4.1  -8.6 -18.1 
1875 -15.5 -14.1  -6.1  -0.6   5.4   9.8  11.6  10.2   6.1  -3.2  -9.3  -7.4 
1876 -12.4 -13.1  -8.1  -0.2   2.8  12.8  11.0  10.8   6.5   0.6  -9.0 -12.7 
1877 -13.7 -11.7 -11.2  -4.4   2.0   8.5  11.9   8.5   4.0  -0.7  -1.2  -8.0 
1878  -8.4  -4.1  -5.7  -0.4   4.5   9.7  10.1  12.0   7.1   3.1  -7.5 -15.7 
1879 -15.4 -14.6  -8.4  -4.3   3.6   9.8  11.9  11.7   6.6   0.1  -7.8  -9.7 
1880  -6.5  -5.1  -4.0   0.2   3.3   9.7  10.7  12.6   7.6  -5.4  -7.2 -12.2 
1881 -15.2 -19.2 -12.0  -6.3   2.7   9.3   9.8   9.3   6.4  -2.7  -2.9  -5.3 
1882  -5.1  -7.3  -5.8  -3.0   4.8  10.0  12.0  11.8   8.1   1.3  -9.1 -13.9 
1883 -11.0  -8.1  -9.7   0.5   5.3  10.4  12.4  10.1   5.8   1.0  -3.0  -7.2 
1884  -7.6 -10.9  -5.2  -0.8   2.7   9.2  11.8  11.7   8.4   2.7  -6.6 -10.7 
1885 -16.0  -5.6  -5.5  -1.2   2.5   6.7  11.3   8.7   4.8  -2.2  -5.9  -7.7 
1886 -10.9 -12.9  -8.6   0.4   4.7   9.7  10.4  10.5   5.5   0.7  -1.9 -15.6 
1887  -7.7  -5.5  -6.2  -1.4   4.6   8.5  10.7   8.7   6.9  -0.7  -7.8 -11.9 
1888  -6.7 -17.2 -14.9  -5.7   2.7   9.2   9.7   8.7   5.5  -1.2  -9.2  -6.0 
1889  -8.7 -14.9 -10.2  -1.3   9.1  12.7  10.4   9.1   4.9   1.9  -3.3  -9.1 
1890  -4.5 -10.0  -4.0  -0.6   7.0   8.4   9.5   9.7   7.4  -0.3  -5.3 -11.3 
1891 -11.7  -4.0  -9.8  -2.6   4.6   7.9  13.1   9.5   6.2   4.1  -3.6  -8.8 
1892 -16.1 -14.2  -6.7  -1.2   2.8   8.0   9.2   8.8   6.2   0.5  -2.9  -9.5 
1893 -14.9 -17.7  -4.1  -0.1   4.0   8.8  11.1   9.3   3.7   1.0  -4.4  -5.1 
1894  -8.4  -9.4  -3.0   3.0   4.2  10.4  13.2   9.3   4.3  -1.9  -3.9  -5.8 
1895 -16.8 -14.5  -8.4  -0.4   7.8  10.2  10.6   9.9   6.6  -1.3  -4.2 -11.7 
1896  -7.4  -5.6  -5.2   0.6   4.0  10.4  13.0   9.5   6.2   0.2  -6.4 -10.8 
1897 -15.3  -9.4  -7.8  -0.1   5.2   9.0  12.1  11.5   5.8   1.0  -4.3  -6.3 
1898  -4.5 -11.0  -8.7  -2.8   3.7   9.2   8.7   9.1   6.2   0.8  -7.4  -7.2 
1899 -12.0  -9.5 -10.4  -2.4   1.2   8.7  13.1   7.8   4.9   0.0  -1.5 -14.4 
1900 -11.4 -18.9  -6.7  -2.3   2.2  10.8   9.5   9.3   5.0   0.6  -5.2  -9.1 
1901 -15.3 -13.2  -7.9  -0.8   5.7  10.6  16.0  11.4   7.8   4.3  -7.2 -13.0 
1902  -6.8 -12.5  -8.4  -2.8   2.5   8.4   7.8   7.7   4.0  -1.3  -5.9 -13.4 
1903 -13.1  -4.4  -2.4  -3.0   4.7   8.0  10.4   8.7   6.3  -2.2  -5.8  -8.1 
1904  -8.4 -15.5  -9.0   0.4   3.1   7.5  10.2   9.0   5.4   0.7  -8.9 -10.1 
1905 -12.9  -9.2  -4.7  -4.4   4.1  11.4  10.8   8.5   4.6  -4.3  -5.8  -4.2 
1906  -9.5  -8.1  -6.0  -1.2   5.6   9.7  10.7   9.2   5.9   0.9  -2.3 -10.0 
1907  -9.2  -8.9  -4.7  -0.8   2.7   9.4   9.6   7.5   5.6   4.9  -3.7 -11.0 
1908  -7.6  -6.5 -10.1  -2.5   3.5   8.1  11.2  10.0   5.6   1.7  -6.7  -6.8 
1909  -8.0 -12.1 -12.6  -3.3   1.1   8.5  10.1   8.7   5.6   3.6  -6.4 -11.1 
1910 -12.6  -5.6  -4.4  -0.5   5.6   9.7  10.8  10.3   6.5   0.4  -7.0  -7.2 
1911  -9.5  -5.8  -6.2  -1.4   7.1   8.4  10.5  10.5   6.4  -1.6  -8.0  -5.9 
1912 -12.4  -9.3  -4.0  -3.3   4.0  10.6  13.7  10.8   4.5  -0.1  -5.6  -6.4 
1913 -18.4  -5.8  -4.8   0.6   6.0   9.3  11.2   9.6   6.6   1.3  -1.8 -10.2 
1914 -10.0  -5.4  -8.0   0.4   3.8  10.2  15.5  10.4   6.3   0.0  -6.6  -6.0 
1915 -12.5  -7.1  -8.7  -1.1   1.9   6.3  10.7   9.7   4.2  -2.5  -7.2 -18.1 
1916  -7.7 -10.4  -9.1   0.3   4.3   8.8  13.0   9.2   4.4  -2.2  -2.1  -8.6 
1917 -16.3  -8.5 -10.0  -4.8   2.7  11.6   9.6  13.1   6.0   0.6  -4.1  -9.5 
1918 -13.2  -9.7  -6.5  -0.7   5.2   7.3  12.0  10.0   4.2   2.2  -2.9 -10.9 
1919  -9.0 -10.2  -7.9  -2.0   7.4   8.7  12.4   7.4   5.9  -0.8 -10.2 -13.7 
1920  -8.3  -6.4  -1.4   0.5   6.3   8.3  11.1   8.4   5.9  -0.4  -4.3  -8.4 
1921  -8.3  -7.6  -2.6   1.5   6.0   6.1   9.0   8.5   4.9   1.3  -7.1  -7.2 
1922 -15.6 -13.5  -7.0  -4.2   4.0   7.5  11.0   9.1   4.5  -1.3  -4.0  -4.9 
1923  -6.5 -14.5  -5.7  -3.0   2.5   4.4  11.3   8.7   5.3   0.6  -7.1 -11.8 
1924  -9.8 -11.2 -10.3  -3.5   3.2   7.4  11.7  10.5   6.4   2.3  -2.6  -3.7 
1925  -6.9  -6.1  -9.5  -1.5   5.1   8.7  14.8  10.7   5.9  -2.0  -8.5 -12.5 
1926 -12.2 -11.3  -4.9   1.0   3.4   9.3  11.9  10.5   5.9  -3.6  -3.2  -8.3 
1927  -7.4  -9.1  -3.2  -3.0   0.8   6.9  14.1  11.8   5.4  -0.5  -9.9 -14.5 
1928 -10.8 -10.9  -6.2   0.3   3.5   6.4   8.4   8.4   5.2   0.6  -4.1  -8.4 
1929 -13.5 -15.5  -1.1  -4.2   4.6   7.6   9.8   8.3   6.5   1.0  -2.4  -3.7 
1930  -4.3  -9.1  -4.8   1.8   6.3  11.1  12.7  11.6   5.2   1.8  -5.3  -5.5 
1931 -12.7 -12.6 -10.4  -2.6   5.7   6.1  12.3   8.9   4.4  -0.4  -1.1  -6.4 
1932  -3.2  -3.3  -9.3  -2.7   4.2   7.7  12.4  10.3   5.6  -0.9  -4.3  -4.4 
1933  -5.4  -9.8  -4.0  -1.4   4.9  12.3  12.8   9.8   7.3   1.0  -8.2  -6.7 
1934  -3.8  -4.0  -6.0  -1.7   5.8   9.4  12.7  11.9   9.1   2.1  -4.7  -4.0 
1935  -9.6  -7.1  -8.4  -1.6   2.6  10.2  11.5  11.2   5.8   0.5  -1.0  -7.7 
1936  -9.7 -11.5  -6.9  -1.6   5.9  12.1  13.3  11.2   5.1  -0.3  -4.5  -3.2 
1937  -8.6 -12.9  -8.3   1.7   8.3  10.2  15.7  13.9   6.7   4.7  -5.1 -12.5 
1938  -7.5  -3.5  -0.5  -1.0   4.3   8.7  13.5  12.2   8.0   2.9  -0.9  -6.3 
1939 -10.0  -3.0  -6.2  -1.1   4.1   8.8  12.4  13.2   7.1  -0.5  -3.4 -11.4 
1940 -16.4 -18.6  -8.7  -2.0   6.2  10.5  11.9   8.6   4.7   1.2  -3.3 -10.7 
1941 -19.7 -14.1  -7.7  -3.0   3.4   9.4  15.3   9.8   6.3  -1.6  -5.3 -10.3 
1942 -19.8 -14.3 -10.8  -0.1   4.2   8.1  11.0  11.5   6.5   1.3  -2.5  -7.2 
1943 -12.2  -4.4  -2.3   0.8   5.3  10.3  12.2   9.7   6.6   3.5  -3.8  -5.1 
1944  -8.8  -6.9  -5.6  -2.8   1.7   7.8  13.5  11.9   6.5   3.1  -4.6  -4.2 
1945 -13.7  -7.5  -2.7   0.5   4.6   9.8  13.8  12.7   5.7   1.1  -4.9  -7.4 
1946 -12.7 -11.7  -6.3   1.4   6.4   9.4  13.2  10.7   7.0   0.3  -2.6  -5.9 
1947  -9.2 -19.7 -11.2  -0.6   7.6  11.3  12.9  12.6   7.8   1.1  -7.5  -9.3 
1948 -14.0  -7.9  -1.7   1.8   5.5   8.9  13.4   9.0   6.5  -1.4  -3.5  -3.2 
1949  -7.0  -6.1  -6.5   0.9   6.8   8.7  10.6   9.6   9.7   1.4  -2.7  -7.1 
1950 -12.1  -7.4  -4.6   0.2   4.3   9.7  11.1  12.4   6.0   2.1  -6.7 -10.7 
1951 -14.3  -7.6  -9.9  -1.4   3.2   7.9   9.6  12.5   7.5   2.4  -2.7  -3.7 
1952 -14.7  -7.3  -7.7   1.9   5.6   7.9  10.9   8.9   3.5  -0.3  -7.1 -10.0 
1953  -9.5 -11.3  -0.6   1.3   5.6  14.6  12.2  10.4   6.1   4.0  -0.8  -6.4 
1954 -13.6 -15.1  -4.9  -1.2   7.7   9.3  12.0  10.8   6.2   0.1  -4.1  -5.0 
1955  -8.6 -13.0  -7.7  -2.8   2.1   7.6  13.8  12.6   7.3  -0.3  -2.3 -11.5 
