Number= 013130
Name= HELLISOY FYR
Country= NORWAY
Lat=   60.8
Long=   -4.7
Height= 20
Start year= 1867
End year= 1955
First Good year= 1867
Source ID= 10
Source file= Jones
Jones data to= 1955
Normals= -99.0 -99.0 -99.0 -99.0 -99.0 -99.0 -99.0 -99.0 -99.0 -99.0 -99.0 -99.0 
Obs:
1867 -99.0 -99.0 -99.0 -99.0 -99.0 -99.0 -99.0 -99.0  11.9   8.3   5.1   2.4 
1868   1.9   3.1   3.7   5.5   9.0  11.5  13.2  15.5  12.2   8.6   4.7   4.5 
1869   4.8   3.8   2.2   5.4   7.1   9.0  11.9  12.5  11.2   7.6   3.7   2.2 
1870   2.7   0.9   2.8   5.3   7.5  10.5  12.7  14.8  10.9   7.6   4.9   0.8 
1871   2.0   0.3   4.0   3.8   7.8  12.5  14.1  14.0  11.1   8.4   3.6   3.3 
1872   5.2   4.2   3.0   6.1   8.1  13.7  15.1  13.8  11.2  10.0   6.2   1.9 
1873   4.5   2.1   3.9   4.5   7.4  11.9  15.0  14.1  11.6   7.3   6.1   5.4 
1874   4.4   4.2   3.7   6.1   8.2  10.4  14.4  12.9  11.9  10.3   5.0   1.0 
1875   2.5   0.9   2.7   4.6   7.7  11.1  13.4  13.9  12.0   7.6   2.9   3.8 
1876   3.1   0.2   1.8   4.8   6.7  12.0  12.2  13.3  11.7   8.6   2.9   0.1 
1877   1.0   0.1   0.2   3.7   6.8   9.7  12.8  13.8  10.6   7.3   6.9   3.7 
1878   1.6   3.5   2.5   7.1   9.0  11.2  12.7  15.0  12.2  10.0   3.8  -0.8 
1879  -0.2   0.0   1.0   4.4   7.4  11.2  14.2  15.1  11.7   7.8   3.9   2.9 
1880   3.0   3.6   3.4   5.3   7.2  11.1  12.9  15.2  13.7   5.2   4.3   1.2 
1881  -1.0  -0.4  -0.5   2.8   8.0   9.8  12.5  11.9  12.9   7.1   6.6   5.0 
1882   4.6   3.5   3.7   5.0   8.7  13.6  14.6  14.0  13.3   9.5   3.2   0.2 
1883   2.5   3.2   0.6   6.6   7.0  11.3  14.9  13.9  12.5   9.0   6.2   4.3 
1884   4.0   3.9   3.8   6.0   7.3  10.7  14.6  15.5  13.5   8.7   4.5   3.8 
1885   2.2   3.6   2.1   5.8   7.6   9.3  12.2  12.2  10.6   6.3   4.7   4.0 
1886   1.3   0.7   1.2   5.0   7.0  11.1  12.3  12.4  11.0   9.9   7.4   1.6 
1887   4.3   4.1   3.2   4.0   7.4  10.1  11.9  11.6  11.0   6.4   4.1   1.6 
1888   3.4  -0.6  -0.2   2.9   6.2  10.1  11.3  11.2  10.7   5.9   3.4   4.5 
1889   3.2  -0.2   0.4   4.9  12.2  14.3  12.4  12.2  10.6   9.6   6.9   4.0 
1890   4.9   2.4   3.9   5.9  11.5  10.8  11.8  13.2  12.3   8.0   6.0   2.0 
1891   1.2   3.7   0.9   5.3   8.0  10.9  15.4  13.9  12.0   9.8   6.0   4.5 
1892   1.6   1.1   2.3   4.3   6.4   9.6  11.4  11.4  10.6   8.3   6.6   2.1 
1893   0.3   1.2   3.4   4.7   8.9  11.0  13.8  13.5   9.9   8.6   3.7   4.9 
1894   2.3   3.1   4.5   7.8   7.8  11.8  15.8  14.0  10.9   6.5   7.5   4.5 
1895  -0.8  -1.9   2.4   5.1  10.2  11.8  13.4  14.5  12.5   6.4   6.0   2.0 
1896   2.6   3.1   2.2   3.7   7.1  11.7  13.2  12.7  11.7   7.3   5.4   3.0 
1897   0.4   1.6   2.3   4.7   7.1  10.6  12.8  14.9  10.7   8.8   4.9   3.8 
1898   4.8   1.9   2.1   4.7   7.6  11.3  10.4  11.8  11.0   8.8   5.3   4.5 
1899   2.1   2.6   1.3   3.8   7.2  11.3  14.1  12.0  10.2   7.8   7.2   1.8 
1900   2.2  -2.1   2.0   3.6   6.5  11.2  12.1  12.4  10.3   7.0   5.1   4.1 
1901   2.6  -0.1   1.8   6.5   8.5  11.0  15.5  14.0  13.4   9.3   3.7   2.6 
1902   3.7   1.2   3.2   4.9   6.6  11.2  10.3   9.8   9.7   7.8   5.3   2.2 
1903   2.4   3.1   4.0   4.4   8.3  10.1  13.0  12.3  12.0   7.6   4.9   3.7 
1904   3.5  -0.3   2.0   5.0   7.7  10.6  12.2  12.7  12.0   8.7   4.3   3.8 
1905   2.8   2.4   4.1   3.3   6.8  12.9  12.6  13.6  11.3   5.4   4.7   4.9 
1906   3.3   2.0   2.1   5.1   7.9  11.2  12.8  13.1  12.0   9.1   7.2   2.6 
1907   2.1   2.0   2.9   5.4   7.2  10.7  11.4  10.7   9.9  10.2   5.8   3.5 
1908   3.7   3.0   2.7   4.8   8.1  10.7  13.4  12.4  11.7  10.2   5.3   3.9 
1909   3.6   2.2   1.4   4.1   7.1  10.5  11.8  11.7  11.1   9.0   4.5   2.8 
1910   1.7   3.2   3.9   4.8   9.9  12.3  12.2  15.4  11.9   8.6   3.4   4.3 
1911   2.8   2.7   2.7   4.6  10.1  12.3  13.2  14.3  11.1   7.2   4.6   5.3 
1912   0.8   2.5   4.2   4.8   7.6  11.7  14.7  14.3  10.3   8.3   4.8   5.2 
1913   2.1   3.5   3.6   5.4   8.7  11.1  11.8  11.7  12.3   9.1   7.7   3.2 
1914   2.8   5.2   3.0   5.6   6.9  11.1  16.2  15.3  12.1   8.3   5.3   3.4 
1915   2.0   2.4   1.0   4.3   6.7   9.8  12.1  13.4  10.8   7.2   3.2  -0.2 
1916   3.7   2.2   0.7   5.1   8.4  10.6  12.9  12.7  10.0   7.6   6.7   3.9 
1917  -0.8   1.4   0.6   2.9   7.9  12.7  12.7  16.4  11.9   7.6   5.6   2.6 
1918   0.7   3.2   2.9   6.1   9.3  10.1  13.3  13.8  10.0   9.1   7.2   3.9 
1919   2.5   0.0   1.9   4.0   9.8  10.6  12.3  11.2  10.6   7.1   2.0   1.8 
1920   2.1   3.5   4.5   5.7   8.9  11.3  13.7  13.2  11.7   9.1   6.9   3.6 
1921   3.4   3.7   4.4   7.1   8.2   9.2  11.3  12.1  10.4   9.0   3.8   5.1 
1922   1.8   1.7   2.9   4.4   6.6  10.2  12.7  12.3  11.0   6.8   5.0   4.2 
1923   3.4   1.3   3.7   4.7   6.6   8.0  13.1  12.5  10.4   8.3   3.8   1.6 
1924   2.2   0.6   1.1   3.8   6.8  10.1  13.0  14.6  12.6   9.6   7.1   7.0 
1925   5.0   3.7   2.0   6.1  10.3  10.7  15.9  14.8  11.1   6.7   3.8   1.6 
1926   2.8   2.1   3.1   6.9   8.1  13.8  14.1  13.6  11.5   5.2   6.4   3.6 
1927   3.4   3.3   4.7   3.5   6.3   9.6  14.9  15.6  12.2   8.1   4.0   3.7 
1928   3.0   3.0   3.4   6.3   8.1   8.9  11.2  12.9  11.0   8.6   5.8   3.4 
1929   1.3  -0.4   4.2   4.4   8.5  10.0  12.1  11.9  11.0   7.9   6.3   5.3 
1930   4.6   2.1   2.8   6.8   9.0  12.8  15.9  15.3  12.6   8.8   4.4   4.9 
1931   2.1   1.3   0.4   4.7   8.3   9.1  12.9  12.2   9.3   7.2   7.1   3.4 
1932   4.8   3.8   2.5   4.3   9.6  10.1  13.8  13.6  10.3   6.8   6.0   5.1 
1933   4.1   1.4   3.7   5.0   9.6  15.0  15.6  14.3  13.6   9.4   5.4   4.7 
1934   5.2   4.6   3.9   5.5   7.5  11.3  14.2  15.0  14.1   9.3   5.8   6.6 
1935   3.5   2.8   3.4   5.1   7.2  11.6  13.5  13.9  12.3   8.6   7.3   3.4 
1936   2.4   1.8   4.2   4.7  10.1  12.6  16.2  14.7  12.5   8.6   6.2   5.5 
1937   3.3   1.2   1.1   6.6   9.4  11.2  14.6  16.2  12.3  10.8   5.1   1.4 
1938   3.5   3.5   5.1   4.8   7.8  10.3  13.1  15.2  12.8  10.2   8.2   4.5 
1939   2.4   4.2   4.2   5.2   8.8  10.9  13.6  16.3  13.9   7.7   6.6   3.0 
1940   0.5  -0.7   2.6   5.0  10.6  11.8  14.0  11.7   9.6   8.5   5.8   3.1 
1941  -1.2   0.1   1.2   4.5   7.6  10.6  16.0  13.7  11.9   7.9   5.7   4.7 
1942  -2.4  -0.5   0.1   5.0   7.7   9.5  12.1  13.6  12.2   8.5   6.3   5.1 
1943   2.2   4.2   5.6   5.4   8.4  11.8  12.9  12.7  12.1  10.6   5.9   4.7 
1944   4.4   2.7   3.0   5.3   7.2  10.4  14.3  13.5  11.5   9.5   5.1   4.2 
1945  -0.2   3.3   5.3   5.6   9.0  11.4  14.8  14.6  12.2   9.8   6.6   3.8 
1946   3.4   1.8   2.7   5.5   9.6  11.6  14.9  14.5  12.8   8.8   6.5   4.6 
1947   1.4  -2.5   0.1   4.4  11.1  12.4  15.4  15.5  12.6   7.9   5.1   3.7 
1948   1.5   2.5   4.2   6.7   9.4  11.6  13.7  13.5  11.4   7.5   6.3   6.5 
1949   4.3   4.7   2.7   5.7   7.8  10.2  12.1  12.5  14.6   9.9   7.5   4.5 
1950   3.2   2.7   4.1   5.6   9.4  11.3  14.8  15.6  12.0   9.0   5.7   2.3 
1951   2.0   2.5   0.9   3.7   8.4   9.8  11.8  14.1  12.9  10.7   7.1   5.5 
1952   2.0   2.4   2.8   6.1   8.8   9.5  12.3  13.1   9.6   7.6   3.2   3.4 
1953   2.7   1.2   4.5   4.7   8.0  14.4  14.3  14.2  12.7  10.6   8.5   6.0 
1954   2.3   0.9   2.8   4.9  10.3  11.0  12.8  14.7  11.1   8.5   6.5   5.1 
1955   2.1  -0.3   1.8   4.2   6.4   9.9  13.9  14.2  13.1   8.1   7.1   2.2 
