Number= 013170
Name= Bergen-Florida
Country= NORWAY
Lat=   60.4
Long=   -5.3
Height= 12
Start year= 1816
End year= 2011
First Good year= 1816
Source ID= 34
Source file= Jones+Anders
Jones data to= 1999
Normals source= Data
Normals source start year= 1961
Normals source end year= 1990
Normals=   1.3   1.5   3.3   5.9  10.5  13.3  14.3  14.1  11.2   8.6   4.6   2.4 
Standard deviations source= Data
Standard deviations source start year= 1941
Standard deviations source end year= 1990
Standard deviations=   2.5   2.2   1.6   1.0   1.2   1.3   1.1   1.2   1.2   1.1   1.5   1.8 
Obs:
1816   0.4  -0.3   1.9   5.6   9.5  13.2  12.7  12.8  10.8   5.8   3.2   2.5 
1817   4.0   4.0   2.5   4.8  10.3  13.1  14.1  12.7  12.7   4.8   6.3  -0.9 
1818   1.6   2.4   3.0   3.5  10.4  13.5  15.8  13.5  12.5   9.5   5.5   4.1 
1819   3.2   2.1   2.3   5.7  10.4  12.8  16.2  16.9  12.3   6.3   1.8   0.0 
1820   2.2   2.1   1.9   6.1  10.5  12.0  14.9  12.9  11.1   7.3   4.8   0.9 
1821   0.5   2.5   3.3   8.2   8.7  12.9  14.6  13.7  13.4  10.1   4.9   5.1 
1822   2.0   4.7   4.3   7.6  11.3  11.9  14.7  14.6  10.4   7.3   6.3   2.3 
1823  -3.8  -0.8   3.4   5.7   8.8  12.5  12.6  14.2  11.0   9.5   6.1   3.5 
1824   4.1   3.2   2.9   7.1   8.9  13.6  14.1  14.8  13.9   7.6   3.7   2.6 
1825   3.6   1.9   3.8   6.7  11.6  12.3  15.7  15.1  12.5   8.5   3.9   3.5 
1826   1.3   5.9   5.3   6.1  11.1  14.7  16.3  13.9  10.9   8.6   4.2   4.6 
1827  -0.4  -1.8   1.0   6.5  10.6  12.3  12.9  14.5  12.7   8.4   2.2   4.4 
1828   0.8  -0.3   4.1   5.6  10.2  13.9  17.0  15.2  12.0   7.8   5.2   2.6 
1829  -0.8  -0.5   2.4   5.3  10.1  13.8  14.4  13.9  11.0   6.4   0.8   0.4 
1830   0.5  -1.1   3.4   6.7  11.4  12.7  14.9  12.9  11.8   7.4   5.0   0.1 
1831  -1.2   0.6   2.9   7.3  10.6  15.3  17.3  17.1  10.4   9.8   1.8   4.6 
1832   2.6   2.5   3.7   8.7   9.6  14.9  13.4  14.5  10.1   9.1   5.0   3.8 
1833   1.4   2.5   3.2   6.8  10.6  12.2  15.8  12.9  12.6   8.6   3.6   1.8 
1834   3.0   4.3   3.9   5.2  10.4  12.5  18.4  15.4  11.0   7.9   4.5   5.6 
1835   3.0   3.3   3.6   4.0   9.8  12.5  12.6  14.2  11.6   7.8   3.1   2.4 
1836   1.6   0.5   3.6   4.8   7.9  11.3  12.8  11.0   9.3   7.3   3.0   1.8 
1837  -0.8   2.7  -0.5   5.2   8.6  11.5  13.2  12.6  11.4   7.9   3.0   2.9 
1838  -3.0  -4.2   1.0   2.0   8.4  11.9  13.6  11.9  11.4   7.1   3.0   4.4 
1839  -0.7   1.8  -0.7   2.8   7.9  11.7  14.3  12.0  11.4   8.6   4.0   0.4 
1840   1.0   2.2   2.3   6.3   8.4  11.1  12.0  14.7  11.1   5.6   4.7   0.8 
1841  -1.8   0.4   5.7   5.4   9.6  11.8  12.5  14.7  12.0   6.3   2.5   3.4 
1842   0.9   4.2   3.6   6.8  12.5  12.7  14.1  15.4  12.5   7.6   1.8   6.3 
1843   3.7  -3.2   2.6   5.4  10.2  14.2  13.7  15.2  12.0   5.0   3.8   5.6 
1844   0.8  -2.8   1.3   6.3  11.2  10.7  13.0  15.0  10.5   7.4   3.0  -1.8 
1845   2.7  -3.2   1.6   6.2  10.4  12.9  15.0  14.9   9.6   7.6   6.5   2.4 
1846   3.4   4.0   3.9   6.6   9.4  16.2  15.5  18.0  12.8  10.8   5.8  -2.2 
1847   2.6   0.8   3.8   3.6   9.7  12.8  15.1  13.9   9.3   6.3   7.0   4.0 
1848   0.1   1.4   3.8   5.7   9.8  12.9  12.6  12.6  11.2   7.4   2.7   3.5 
1849  -0.4   2.5   2.9   4.8  10.5   9.2  14.0  13.5  11.1   6.2   2.7   0.5 
1850  -2.0   2.1   0.3   6.7   9.2  12.3  14.6  12.8  11.0   5.8   3.6   3.4 
1851   3.5   2.6   2.0   5.6   8.4  10.3  13.1  12.3  11.1   9.0   1.6   4.3 
1852   3.1   2.0   2.2   4.3  10.8  15.7  17.2  16.9  11.1   6.1   4.6   2.8 
1853   2.3  -3.3   0.1   5.2   9.9  15.6  15.1  13.7  11.1   8.4   6.2   0.5 
1854   0.6   1.6   5.4   5.2   9.6  13.6  15.5  14.4  10.9   7.3   1.7   1.4 
1855  -1.0  -5.2   0.2   4.6   8.1  11.9  18.0  13.9  10.8   7.5   4.6   0.6 
1856   0.5   0.4   2.3   6.7   9.5  10.6  13.0  12.7  11.5   9.3   1.2   1.0 
1857  -0.8   2.5   2.8   5.6  10.7  12.9  13.8  16.3  14.3   9.2   6.5   6.6 
1858   3.2   1.4   1.5   4.0   9.2  15.3  14.9  16.2  13.1   6.5   2.0   4.5 
1859   3.8   3.3   3.0   4.0  11.4  14.7  13.5  13.6  11.8   8.3   4.1   0.0 
1860   0.1  -0.6   1.0   5.4   8.6  13.3  14.2  14.0  10.2   7.7   1.5  -0.9 
1861   0.6   2.5   3.7   4.9   6.8  16.1  15.2  14.1  11.9  10.6   3.0   3.6 
1862   0.7   0.8   1.5   5.3  12.9  13.2  12.8  13.4  11.7   9.0   4.2   3.6 
1863   3.9   3.5   2.7   6.2   7.6  14.3  12.4  13.0  11.0   9.3   6.1   1.8 
1864   1.1  -0.5   1.1   6.4   8.1  11.7  14.8  12.2  12.1   6.5   4.1   2.4 
1865  -0.2  -2.0   0.9   6.1  11.3  11.2  14.3  14.6  12.8   5.5   4.5   4.5 
1866   3.6   1.3  -0.1   6.6   8.4  15.0  14.8  14.3  12.1   8.1   2.5   1.5 
1867  -3.9   3.1   0.1   4.4   7.6  10.7  14.6  15.0  11.6   7.6   4.0   1.0 
1868   0.2   2.8   3.7   5.6  10.9  12.3  15.5  16.4  11.5   7.6   2.4   3.2 
1869   3.6   3.0   1.0   6.1   7.9  10.3  13.1  12.3  10.9   6.4   2.4   0.1 
1870   1.4  -1.1   1.6   6.2   8.6  11.6  14.7  15.2  10.5   6.6   4.2  -1.5 
1871  -0.5  -1.1   4.2   3.3   8.8  14.8  14.5  14.1  10.5   7.8   1.8   1.5 
1872   4.1   3.5   3.1   6.8   9.4  14.6  17.5  14.5  10.7   8.8   5.1   0.3 
1873   3.6   1.4   3.5   4.8   8.1  13.6  16.2  13.8  11.3   5.7   4.7   4.8 
1874   3.5   3.5   3.4   6.4   9.0  11.5  15.2  12.3  11.4   9.2   2.9  -2.4 
1875   1.0  -1.7   1.5   5.8  10.0  12.9  15.5  15.0  11.9   5.7   1.1   2.6 
1876   2.0  -0.1   1.8   6.1   8.7  14.8  13.1  14.4  10.7   7.9   1.5  -0.9 
1877   0.8   0.0   0.1   4.3   7.5  11.4  13.9  13.7   9.4   6.4   6.4   2.5 
1878   0.2   3.0   1.7   7.6   9.7  12.8  13.6  16.0  11.8   9.6   2.3  -3.8 
1879  -1.9  -1.0   0.4   5.0   8.9  13.0  15.2  15.4  11.1   7.0   2.5   1.5 
1880   2.0   3.9   2.9   6.9   8.3  13.7  14.1  16.1  13.4   3.9   3.2  -0.1 
1881  -2.4  -1.7  -1.1   2.7   9.6  11.9  12.9  12.2  12.6   5.7   6.1   4.3 
1882   3.9   3.2   3.4   5.8  10.0  14.4  15.1  14.5  13.3   8.5   2.5  -1.0 
1883   0.7   2.9   0.1   7.0   8.6  12.4  16.0  13.6  11.9   7.8   5.0   2.4 
1884   3.3   3.0   4.2   6.9   8.3  12.0  15.3  15.8  13.3   8.0   2.8   2.4 
1885   0.4   3.3   1.4   6.1   8.3  10.1  13.0  13.3  10.2   5.2   3.4   2.9 
1886   0.0  -0.5   1.3   5.8   8.6  12.4  13.1  13.2  10.5   9.2   6.6   0.0 
1887   3.5   3.4   3.5   4.4   9.2  12.3  13.7  12.6  11.2   5.7   2.9   0.2 
1888   2.4  -2.1  -0.7   4.1   8.2  14.3  14.4  13.0  10.9   5.6   2.2   4.4 
1889   2.2  -1.5   0.1   5.9  14.8  16.1  14.3  12.9  10.0   9.2   6.2   2.7 
1890   4.0   1.1   3.9   6.7  13.2  12.2  12.4  13.2  12.0   7.2   5.2   0.1 
1891  -0.3   3.3  -0.1   5.3   9.2  13.1  16.2  14.0  11.7   9.3   4.8   3.5 
1892  -0.8  -0.1   1.7   4.8   7.7  11.0  13.1  12.5   9.8   7.5   5.3   0.1 
1893  -1.3   0.5   3.7   5.5  10.5  12.8  15.3  14.2   9.6   7.9   2.1   4.2 
1894   1.5   2.0   4.8   8.8   8.5  13.5  16.7  13.6   9.9   5.3   7.1   3.6 
1895  -2.7  -4.1   2.0   6.1  12.2  13.5  14.0  14.3  11.9   5.2   4.2   0.9 
1896   1.6   3.2   3.1   5.8   9.2  14.0  14.4  12.9  11.8   7.3   4.6   1.8 
1897  -1.5   1.0   3.2   5.5   9.3  12.8  15.0  15.0  10.1   8.2   3.9   3.8 
1898   4.8   1.6   2.0   5.4   8.6  12.7  11.8  13.0  11.0   8.3   4.6   4.1 
1899   1.5   2.3   1.5   4.4   8.8  13.3  15.3  13.0   9.6   7.4   6.6   0.6 
1900   1.9  -2.7   1.5   3.8   8.8  14.1  14.0  13.5  10.3   6.2   4.4   4.2 
1901   1.5  -0.9   1.8   8.0  11.0  12.5  17.5  14.3  13.6   9.1   2.2   1.1 
1902   2.5  -0.3   3.1   6.5   7.9  14.3  11.7  11.2   9.5   7.1   4.0   0.1 
1903   1.3   2.9   4.5   5.1   9.5  12.3  13.7  12.1  11.7   7.1   3.8   2.8 
1904   2.7  -1.1   1.8   5.7   9.4  12.4  13.6  13.3  11.7   7.6   2.9   2.4 
1905   1.6   1.6   4.3   3.8   9.0  15.0  14.4  13.9  10.4   4.5   3.7   3.9 
1906   2.0   1.4   1.6   6.1   9.9  13.8  13.8  13.7  11.9   8.8   6.9   1.0 
1907   0.7   1.5   3.0   6.2   9.1  12.0  12.6  10.9   9.7  10.4   4.5   2.6 
1908   2.7   2.2   2.6   5.5   9.3  12.3  15.1  13.2  11.6   9.4   4.5   3.5 
1909   3.1   1.0   1.0   4.9   8.2  12.2  12.5  11.8  10.6   8.8   3.2   1.7 
1910   0.3   3.0   4.1   5.4  11.3  13.6  15.2  15.6  11.3   7.9   2.1   3.9 
1911   1.8   2.2   2.4   5.4  12.2  13.3  14.3  14.8  10.7   6.4   3.6   4.8 
1912  -0.9   1.9   4.9   6.1   8.7  13.4  16.3  13.8   9.9   7.8   3.8   4.6 
1913   0.2   2.8   4.0   6.8  10.3  13.0  14.3  12.9  12.0   8.8   6.9   1.6 
1914   0.7   5.4   3.3   7.1   7.8  13.0  17.8  15.3  11.3   7.9   4.1   2.8 
1915   0.7   2.4   0.6   4.9   8.0  11.1  12.9  13.7  10.3   5.9   1.9  -1.1 
1916   3.7   1.5   0.3   6.4   9.7  12.0  13.8  13.2  10.0   7.3   6.2   3.1 
1917  -3.6   0.4   0.1   3.0   9.8  13.8  14.2  16.8  11.2   6.8   4.7   1.2 
1918  -0.4   3.0   3.6   7.5  11.5  10.6  14.4  13.6   9.1   8.4   6.0   3.2 
1919   2.2  -0.9   1.6   4.4  11.5  11.4  14.9  11.1  10.2   6.4   0.5   0.7 
1920   1.3   3.8   5.2   6.6  10.1  13.4  14.2  13.0  11.4   8.2   5.4   2.1 
1921   2.7   3.1   4.6   8.4   9.4  10.0  12.5  12.5  10.0   8.4   2.5   3.9 
1922  -0.2   0.8   2.6   5.0   7.5  10.9  13.4  12.5  10.6   5.9   3.8   3.4 
1923   2.5   0.5   5.1   5.5   7.0   8.5  14.0  12.4  10.0   7.6   2.5   0.1 
1924   1.9  -0.2   1.0   4.3   8.3  11.4  13.9  14.7  12.1   8.9   5.7   6.5 
1925   4.2   3.5   1.5   6.9  11.7  12.8  18.0  14.6  10.7   6.0   2.6  -0.1 
1926   2.5   2.3   3.0   8.5   9.2  14.7  15.6  14.3  11.2   4.3   5.7   1.9 
1927   2.9   2.9   5.8   3.7   7.3  10.0  16.5  15.5  11.7   6.9   2.4  -1.8 
1928   2.5   2.7   3.9   8.0   9.8   9.6  11.1  13.2  10.4   7.8   4.9   1.6 
1929  -0.9  -1.4   4.2   4.7  10.5  11.0  13.4  12.0  10.9   7.6   5.5   5.2 
1930   4.6   1.5   2.9   8.7  10.9  14.0  16.6  15.6  12.3   8.5   3.4   4.5 
1931   1.3   0.5   0.4   5.4  11.0  10.2  14.9  13.6   9.3   6.5   7.3   2.3 
1932   5.1   3.5   2.4   5.0  11.6  12.2  15.6  13.9   9.7   6.0   4.5   4.1 
1933   3.2   0.7   4.7   5.9  11.6  17.3  16.2  14.4  13.1   8.2   3.6   2.9 
1934   4.8   4.2   3.7   6.4   8.7  13.4  15.6  15.0  14.0   8.3   4.5   6.6 
1935   2.1   1.7   3.2   6.0   9.2  13.2  14.2  14.5  11.4   7.2   6.6   2.3 
1936   1.9   1.4   4.6   5.1  12.1  14.6  16.4  14.5  11.9   7.1   4.9   4.5 
1937   3.2   0.9   1.1   8.7  11.7  12.3  15.9  16.6  11.3  10.1   3.8   0.2 
1938   2.8   3.1   5.4   5.4   9.1  11.1  14.4  15.4  12.9   9.1   6.9   3.4 
1939   1.4   4.2   4.3   6.0  10.4  12.4  14.8  16.7  13.3   6.5   5.6   1.1 
1940  -1.7  -2.0   2.2   5.5  12.6  13.4  14.4  11.9   9.5   7.6   4.8   1.3 
1941  -4.1  -0.9   1.5   5.3   9.7  13.2  17.7  13.7  11.7   6.9   5.1   3.4 
1942  -5.1  -2.1   0.1   6.9   9.7  10.9  13.5  14.6  11.5   7.5   4.9   4.5 
1943   1.0   4.0   5.9   6.2   9.7  13.7  15.3  13.0  11.8  10.2   4.4   3.1 
1944   3.5   1.7   2.3   6.3   8.9  11.9  16.2  14.6  11.4   8.8   4.2   3.2 
1945  -2.3   3.6   5.6   6.7  10.8  12.6  16.4  16.5  11.9   9.2   5.2   2.6 
1946   2.3   1.3   3.0   6.6  11.3  12.4  15.8  14.7  12.2   7.7   5.5   3.4 
1947   0.1  -4.9  -0.1   5.1  13.7  14.5  16.3  17.2  12.4   7.2   3.7   2.0 
1948   0.4   1.8   4.9   7.9  11.1  13.3  15.4  14.0  11.1   6.7   5.4   6.0 
1949   3.4   4.3   2.3   6.5   9.6  12.5  15.2  13.3  14.9   9.3   6.7   2.9 
1950   2.0   2.5   4.4   5.9  11.7  12.7  15.8  16.1  11.4   8.2   4.6   0.5 
1951   1.3   2.6   1.0   4.1  10.8  12.2  13.2  14.8  12.9  10.1   6.8   4.7 
1952   0.4   1.4   2.6   7.9  10.7  10.4  13.4  13.7   9.2   6.9   1.3   2.6 
1953   2.0   0.8   4.9   5.2   9.8  16.9  15.3  14.5  12.4  10.2   7.7   4.5 
1954   0.4  -0.2   3.2   5.6  13.1  13.0  14.1  15.1  10.4   7.7   5.7   4.0 
1955   0.7  -1.6   1.5   5.4   7.9  12.4  16.5  16.4  12.6   7.2   6.2   0.6 
1956   0.5  -1.8   3.4   5.0   9.6  11.5  15.5  13.5  12.1   7.2   5.1   3.2 
1957   3.6   1.9   5.4   6.4   9.5  11.7  14.4  13.9  10.4   8.2   4.6   2.9 
1958   0.8  -1.2   0.4   5.1   8.1  14.2  15.1  14.4  14.0   9.5   6.8   1.4 
1959  -1.4   2.3   5.9   7.7  10.8  13.2  15.3  15.4  11.6   9.6   7.2   3.7 
1960  -0.2   1.0   4.9   6.9  11.5  13.4  15.0  15.6  12.7   7.8   5.4   2.2 
1961   0.4   4.3   4.9   7.0  10.4  12.5  14.1  13.5  13.1  11.0   5.8   1.4 
1962   3.3   2.3   0.3   6.0   9.3  11.3  14.1  12.8  10.7   8.9   3.7   1.1 
1963  -3.2  -2.5   3.7   6.6  10.0  15.4  13.8  14.9  11.3   8.6   5.1   2.0 
1964   3.3   2.0   4.0   7.0  10.4  11.5  12.5  12.8  10.4   7.8   5.4   2.4 
1965   0.9   1.7   2.4   6.8  10.0  12.9  13.9  13.1  13.5   9.4   1.3  -0.2 
1966  -1.5  -0.9   3.1   4.3   9.4  15.3  13.4  13.7  10.5   8.5   3.9   1.8 
1967   0.7   3.5   3.9   5.2   9.7  11.5  14.2  14.0  12.9   8.2   6.7   2.0 
1968   0.2   0.2   2.9   6.8   9.4  13.9  15.0  14.4  13.7   8.1   2.8   1.9 
1969   2.9  -2.5   0.9   6.5  10.9  14.6  13.9  17.9  11.2   9.2   1.9   0.7 
1970  -0.3  -1.3   1.4   4.0  10.9  15.5  13.2  15.2  10.9   7.9   4.4   2.4 
1971   3.1   3.4   2.1   6.3  10.9  12.7  14.2  14.2  11.5   7.9   3.0   5.2 
1972  -0.3   2.0   4.7   6.3  12.1  12.1  15.4  12.9   9.8   8.5   4.4   5.9 
1973   4.7   2.3   5.4   4.4   9.6  12.2  16.0  12.8  11.1   6.1   2.9   2.0 
1974   6.2   4.6   5.0   7.9  11.6  14.0  12.7  13.8  11.4   7.3   5.4   4.5 
1975   4.6   3.2   3.6   5.2   9.8  12.0  14.5  16.6  11.1   8.6   5.7   3.9 
1976   0.1   2.3   1.9   5.4  11.3  13.3  15.8  14.7  10.0   8.9   5.6  -0.3 
1977   0.8   0.5   4.9   4.1  10.2  11.8  14.0  14.2  10.1   9.9   4.3   4.7 
1978   2.5  -0.9   3.4   5.5  11.1  14.0  14.2  14.4  10.1   8.7   5.8  -1.2 
1979  -2.5  -0.9   2.5   6.2   8.0  12.7  12.6  13.1  10.0   7.8   4.4   1.6 
1980   0.2   0.8   1.9   6.5  11.0  15.0  16.6  14.7  12.4   6.4   2.9   3.2 
1981   0.4   0.9   2.9   5.1  12.6  11.8  14.0  13.3  13.0   7.5   4.7  -3.2 
1982  -0.4   3.5   4.5   5.7  10.0  14.9  15.4  14.8  10.9  10.0   5.8   3.4 
1983   4.2   1.0   4.2   6.6  10.3  12.5  14.7  13.4  11.3   8.0   4.8   3.5 
1984  -0.2   1.8   2.1   6.6  11.9  14.0  14.0  14.5  11.1   9.1   7.5   4.9 
1985  -1.6   0.4   3.1   5.3  11.5  12.7  14.7  14.1  10.0   9.7   1.4   1.5 
1986  -1.5  -2.3   4.1   5.1  10.5  14.5  13.6  13.5   8.6   8.6   6.7   2.9 
1987  -2.9   1.2   1.3   7.5   9.0  11.4  15.0  13.6  10.7  10.3   4.9   3.9 
1988   3.9   3.1   2.2   4.5  11.9  14.2  15.4  14.4  12.1   8.1   4.4   3.6 
1989   5.9   4.5   5.0   6.7   9.3  13.2  14.2  12.9  11.8   8.7   5.6   2.9 
1990   4.9   5.4   5.2   6.4  11.4  14.3  14.6  14.7  10.6   9.4   5.3   3.8 
1991   3.2   0.2   5.4   6.9   8.9  10.8  17.0  15.3  11.1   8.1   5.5   4.6 
1992   4.6   4.2   4.0   5.8  12.2  16.1  14.2  13.4  12.3   6.2   4.7   3.9 
1993   3.0   3.3   3.7   7.9  12.0  12.0  12.5  12.7  10.9   7.6   3.2   1.2 
1994   1.4  -1.0   2.8   6.3   9.9  10.5  16.1  14.9  11.5   7.3   6.9   4.3 
1995   2.6   2.5   3.5   5.1   8.9  13.5  14.6  14.8  12.7  10.4   4.4  -0.8 
1996   1.0   0.2   2.6   6.8   8.3  12.1  12.5  17.5  11.9   9.7   1.7   0.9 
1997   2.4   3.5   4.1   5.1   9.7  15.5  17.3  18.3  11.7   6.6   5.2   3.3 
1998   3.5   4.8   3.0   6.9  10.4  12.3  13.6  13.2  13.8   7.0   3.1   4.1 
1999   2.9   1.8   4.6   7.6   9.8  13.1  14.6  15.5  15.6   8.7   7.0   2.0 
2000   3.6   3.2   3.2   8.0  11.7  12.0  14.7  13.7  12.9  11.0   7.8   3.0 
2001   2.7  -0.3   2.0   5.6  10.5  11.9  15.6  14.8 -99.0  10.9   4.8   1.2 
2002   3.8   3.1   3.8   8.2  12.6  15.2  15.2  19.5  13.6   6.2   2.9   0.8 
2003   2.3   2.1   4.8   8.6   9.7  14.5  18.1  16.0  12.3   6.0   6.8   3.7 
2004   1.9   2.4   4.6   8.4  10.6  12.8  14.4  17.4  12.2   9.0   4.7   4.5 
2005   3.6   2.2   3.6   7.6   9.0  11.9  16.2  13.9  12.3  10.7   6.2   3.1 
2006   2.8   3.1   0.8   5.8  11.2  13.3  17.5  17.5  15.4  10.5   7.2   6.6 
2007   3.5   2.2   6.2   7.8   9.8  16.0  14.9  14.0  10.3   8.8   4.0   3.4 
2008   3.6   4.6   3.2   7.5  12.3  13.7  18.0  15.5  12.7   8.0   4.5   2.9 
2009   3.3   0.8   4.7   9.5  10.8  13.9  16.8  15.7  12.3   7.0   7.1   1.3 
2010  -3.4  -1.5   3.4   6.7   8.8  12.6  15.6  15.4  12.0   8.4   1.0  -2.6 
2011   2.3   1.3   3.2   9.3  10.8 -99.0 -99.0 -99.0 -99.0 -99.0 -99.0 -99.0 
