Number= 012410
Name= ORLAND III
Country= NORWAY
Lat=   63.7
Long=   -9.6
Height= 7
Start year= 1951
End year= 2011
First Good year= 1951
Source ID= 10
Source file= Jones+Anders
Jones data to= 2001
Normals source= Data
Normals source start year= 1961
Normals source end year= 1990
Normals=  -0.7  -0.3   1.3   4.1   8.7  11.4  12.7  12.9   9.9   6.9   2.6   0.5 
Standard deviations source= Data
Standard deviations source start year= 1951
Standard deviations source end year= 1990
Standard deviations=   2.2   2.3   1.8   1.2   1.3   1.4   1.0   1.1   1.2   1.4   1.6   2.2 
Obs:
1951  -1.9   0.9  -0.5   3.5   5.9   9.4  11.6  14.9  11.5   8.3   2.9   3.1 
1952  -1.2  -0.1   0.5   6.5   8.2  10.5  12.3  12.0   7.5   5.1   1.1  -0.6 
1953   0.4  -2.1   4.4   4.6   7.8  15.2  14.8  14.2  10.7   8.8   5.4   3.3 
1954  -1.0  -2.2   2.2   4.0  11.1  10.6  13.9  13.1  10.0   6.0   3.6   2.5 
1955  -0.2  -2.6  -0.4   2.6   5.7   9.6  13.7  13.9  11.4   5.2   3.9  -2.2 
1956  -1.1  -3.4   1.8   3.3   8.1  10.1  12.8  11.7   9.8   6.4   1.8   1.7 
1957   1.8  -1.0   1.1   4.2   6.6   9.0  13.8  12.5   9.5   6.4   4.3   1.1 
1958  -2.1  -4.7  -3.6   3.7   7.1  10.7  12.0  14.3  12.1   9.1   6.5  -0.5 
1959  -3.2   2.9   4.8   5.5   7.8  11.3  13.2  13.6  10.1   7.7   5.2   1.6 
1960  -2.0  -1.8   3.2   5.5   8.7  11.1  14.2  13.8  11.2   3.7   2.6   0.0 
1961  -0.4   2.3   3.0   3.9   8.3  11.4  13.0  12.9  11.9  10.2   5.4  -0.3 
1962   0.5   0.5  -2.3   3.9   7.5   9.5  11.7  12.4  10.1   7.8   2.1  -0.2 
1963  -0.9  -2.8   0.5   5.6  10.5  12.1  12.0  15.4  10.9   7.7   1.8   2.2 
1964   2.9   0.0   2.8   5.6   9.0  10.2  12.0  12.2   8.9   7.7   3.3   1.2 
1965  -0.9   0.7   1.0   5.9   7.4  11.7  10.9  11.7  12.1   8.1   0.6  -3.5 
1966  -3.5  -6.1  -0.1   2.0   7.6  13.4  12.2  12.6   8.8   6.1   2.0   0.8 
1967  -2.6   1.4   2.6   3.5   9.1  10.5  12.5  12.8  12.1   6.5   5.3  -1.2 
1968  -1.5  -0.6   1.3   4.5   6.8  12.0  12.5  12.4  10.8   4.5   0.2   0.9 
1969  -0.1  -3.3  -0.6   5.3   8.2  13.4  13.4  16.6   9.3   7.3   0.2  -0.8 
1970  -2.8  -4.4   0.7   3.1   9.2  13.1  12.7  13.6   9.9   7.0   0.5   2.4 
1971   1.2   1.0  -0.9   3.9   9.7  10.5  12.6  12.6   9.8   6.3   1.3   3.6 
1972  -1.9   0.7   3.2   4.8   9.7  13.1  14.6  13.0   8.9   6.7   2.9   4.2 
1973   3.6   0.0   4.2   2.7   8.3  11.4  13.5  11.8   9.3   4.5   0.7   0.1 
1974   3.4   1.8   0.2   5.0   9.4  12.7  12.3  12.8  11.5   5.2   2.4   2.4 
1975   2.1   2.9   2.6   3.6   7.6   9.6  12.0  13.5   9.9   7.3   4.4   2.2 
1976  -1.0   1.2  -0.1   3.2  10.6  11.0  12.2  12.3   7.2   6.8   3.7  -1.2 
1977  -2.5  -2.8   2.2   2.0   6.7   9.7  11.6  12.6   8.3   7.9   3.2   2.8 
1978  -0.7  -3.5   1.2   2.9   8.4  11.9  13.7  12.5   9.2   5.9   2.9  -4.7 
1979  -3.5  -1.3   1.2   3.9   7.3  11.7  11.6  12.5   8.8   5.8   2.4  -0.5 
1980  -2.2  -0.7   0.8   4.8   7.9  13.7  14.5  13.9  10.9   4.5   0.4  -1.0 
1981  -0.9  -1.0  -0.6   3.2  11.4   9.5  11.9  11.5  11.4   6.3   1.4  -5.1 
1982  -2.6   1.0   3.4   4.0   8.1   9.6  13.1  13.3   9.7   7.3   3.5   1.4 
1983   1.3   0.2   1.6   5.2  10.1  10.1  12.7  11.4  10.5   6.4   2.4   0.8 
1984  -2.1   1.3   0.3   5.3  10.2  10.8  12.4  12.4   9.6   7.6   4.8   2.9 
1985  -3.3  -3.8   1.2   3.0   8.5  11.3  13.7  13.9   8.9   8.4   0.6  -2.0 
1986  -4.3  -1.6   3.2   2.9   9.9  11.8  12.5  12.8   8.0   6.7   4.6  -1.5 
1987  -4.7  -0.5  -0.5   5.4   7.5  10.8  13.4  11.5   9.7   9.5   3.3   2.5 
1988   1.3   0.7   0.1   2.3   9.9  11.4  15.5  14.6  11.6   6.8   2.6   1.7 
1989   4.1   2.8   3.6   6.2   8.2  11.8  12.4  13.1  10.2   7.0   4.5   0.9 
1990   1.7   4.2   3.1   5.3   7.7  13.0  13.1  13.8  10.2   7.7   3.5   2.7 
1991   1.9  -1.0   3.5   5.6   6.5  10.2  13.7  13.8   9.4   6.3   4.1   2.7 
1992   3.1   1.9   2.8   3.0   9.7  13.9  12.0  12.7  10.9   2.1   2.5   2.8 
1993   1.7   1.5   2.1   5.5   8.9   8.4  12.4  11.8   8.7   4.9   1.7  -0.3 
1994  -1.4  -3.5   1.1   4.9   7.1   9.0  14.0  14.0   9.7   4.7   3.2   2.6 
1995   0.7   1.4   2.0   2.4   7.5   9.9  12.0  11.9  10.7   7.6   1.1  -0.2 
1996   0.2  -2.3   1.2   4.8   6.8   9.9  11.6  15.8   9.3   7.4   0.3  -0.2 
1997   2.0   0.8   1.5   2.0   6.7  12.8  14.8  16.0  11.1   5.2   2.4   0.9 
1998   1.3   2.2   0.8   4.2   7.5  11.1  13.1  12.3  11.5   5.7   1.2   1.4 
1999  -0.3   0.4   1.9   5.4   7.8  12.0  12.7  12.3  13.4   7.0   5.6  -2.1 
2000   2.0   1.4   0.9   5.0   9.5   9.5  11.8  12.0  11.2   9.6   5.7   1.4 
2001   1.8  -3.3  -0.9   4.1   7.4  10.3  12.4  12.9  10.9   7.9   3.7   0.5 
2002   1.0   1.3   1.5   7.1  11.3  15.0  15.5  17.5  11.1   4.3   0.4  -0.5 
2003  -0.7   1.5   4.4   6.0   9.3  13.0  17.2  14.8  11.3   5.2   4.6   2.5 
2004  -1.4   0.9   3.3   7.9   9.1  10.8  13.4  15.4  11.2   7.5   2.9   3.2 
2005   3.0   0.4   1.4   6.4   7.5  11.1  14.6  12.9  10.7   8.3   5.4   1.5 
2006   2.3   1.0  -2.4   5.0   9.8  11.7  14.8  16.8  13.5   7.6   5.4   5.6 
2007   1.4  -1.6   4.7   5.5   8.6  12.6  15.6  13.3   9.4   7.3   3.3   2.8 
2008   2.2   2.9   1.7   6.3   9.0  12.6  14.9  14.4  11.6   7.2   4.1   2.0 
2009   1.2  -0.9   3.0   7.5  10.5  11.8  14.2  14.9  11.5   5.7   4.8   0.1 
2010  -3.0  -3.5   1.0   5.1   7.7  10.1  14.4  14.2  10.6   7.6  -1.0  -3.7 
2011   1.6  -0.5   2.1   7.2   9.9 -99.0 -99.0 -99.0 -99.0 -99.0 -99.0 -99.0 
