Number= 013550
Name= Laerdal
Country= NORWAY
Lat=   61.1
Long=   -7.5
Height= 36
Start year= 1890
End year= 2007
First Good year= 1890
Source ID= 34
Source file= Jones+Anders
Jones data to= 1999
Normals source= Data
Normals source start year= 1961
Normals source end year= 1990
Normals=  -2.5  -2.2   1.3   5.2  10.3  13.5  14.7  13.9   9.9   6.1   1.4  -1.2 
Standard deviations source= Data
Standard deviations source start year= 1941
Standard deviations source end year= 1990
Standard deviations=   3.3   3.2   2.2   1.1   1.0   1.4   1.1   1.2   1.3   1.4   2.1   2.3 
Obs:
1890   3.1  -1.0   3.5   7.3  12.6  13.0  13.3  13.2  11.8   4.3   3.0  -5.7 
1891  -4.4   1.2  -1.9   5.3   9.5  13.8  16.9  14.0  10.7   8.1   1.2   0.5 
1892  -3.5  -2.1   0.2   5.2   7.7  12.1  14.8  12.4   9.5   5.6   3.1  -3.1 
1893  -5.4  -4.1   1.9   5.6   9.9  14.3  16.9  14.0   9.4   6.5  -0.1   2.7 
1894  -0.4  -0.8   3.8   8.5   9.5  14.6  18.1  13.7   9.3   2.8   4.5   0.8 
1895  -7.2  -9.5   0.4   6.1  12.2  14.4  14.7  13.9  10.8   4.4   2.1  -2.1 
1896  -0.9   1.7   2.8   5.8  10.2  14.9  16.1  14.0  12.1   4.8   1.0  -1.0 
1897  -5.5  -1.5   1.4   6.0  10.8  13.1  17.1  15.2  10.0   4.4  -0.4   0.5 
1898   2.6  -0.8   0.4   5.2   8.7  13.9  13.3  12.9   9.1   5.8   1.3   1.1 
1899  -3.1  -1.2  -0.2   3.6   8.3  14.0  16.0  13.7   9.5   4.8   5.1  -2.5 
1900  -1.1  -6.4   0.6   3.8   8.8  16.5  15.5  13.5  10.9   4.2   2.4   0.1 
1901  -3.5  -5.1   0.4   7.0  11.6  14.4  20.6  15.3  13.5   8.8  -0.6  -1.5 
1902   0.9  -3.7   1.3   6.1   8.7  14.9  13.0  12.2   9.1   4.2   0.1  -3.8 
1903  -2.7   1.5   4.7   4.7   9.4  12.4  14.0  12.4  10.3   5.2   1.2  -1.2 
1904   0.8  -4.4  -0.2   5.9   8.8  13.8  15.3  13.5   9.5   6.1   0.0   0.3 
1905  -1.4  -0.6   3.2   3.7   9.1  14.2  15.2  13.2   9.7   2.5   1.6   2.2 
1906  -1.0  -0.5   0.9   4.7   9.9  14.1  13.8  13.9  11.6   7.1   5.2  -2.8 
1907  -2.4  -0.9   1.7   6.1   9.1  12.6  14.6  11.5   9.5   9.6   1.8  -1.5 
1908  -1.3   0.1   0.7   5.7  10.0  14.0  16.3  14.0  10.1   5.5   0.9   0.2 
1909   0.2  -5.5  -1.3   4.4   8.0  13.4  14.1  12.0   9.6   7.9   0.0  -2.2 
1910  -2.5   1.8   3.3   6.1  11.1  14.1  16.7  15.4  10.4   4.6  -0.2   1.3 
1911  -1.8  -0.5  -0.4   4.8  11.6  13.8  15.4  15.6  10.6   3.2   0.2   3.2 
1912  -3.2  -0.4   4.5   5.1   9.6  14.5  18.2  13.8   9.0   6.6   1.3   1.2 
1913  -2.9   1.0   3.2   6.2  10.5  14.0  16.5  14.3  11.2   6.3   4.9  -1.9 
1914  -4.7   3.0   1.7   6.9   8.5  14.0  18.9  14.8  10.9   5.3   0.4   0.7 
1915  -2.4  -0.3  -0.9   4.8   8.2  11.6  14.2  14.4   8.7   2.6  -1.5  -5.6 
1916   0.9  -1.4  -0.7   6.6  10.3  13.6  16.0  14.5   9.5   5.4   4.2   0.7 
1917 -10.4  -2.1  -1.3   3.1   9.4  14.3  15.8  17.0  11.1   5.3   2.4  -2.3 
1918  -3.3  -1.0   1.0   6.6  11.5  11.7  16.1  14.0   8.9   6.1   3.6  -1.0 
1919  -0.9  -5.2   0.7   4.3  12.1  12.9  17.8  11.9  10.0   4.5  -2.6  -2.3 
1920  -1.3   1.7   5.3   6.7  10.9  14.1  14.2  12.6   9.7   3.4   2.4  -1.8 
1921  -0.9  -1.2   4.1   6.9   9.2  11.2  13.9  12.3   9.0   5.8  -0.5   0.8 
1922  -3.5  -3.2   1.6   4.3   8.2  11.3  14.1  12.7   9.2   2.1   2.7   1.4 
1923   0.6  -4.0   1.9   3.9   7.8   9.5  14.2  12.7  10.0   6.3  -0.7  -3.3 
1924  -0.5  -3.7  -2.2   3.4   8.6  11.6  13.8  13.5  10.6   7.0   3.5   3.9 
1925   0.2   0.8  -0.2   5.7  10.8  12.9  18.1  15.1  10.3   4.8  -1.0  -4.2 
1926  -0.5  -0.2   1.2   7.9   9.6  14.7  16.3  14.3  10.4   2.8   4.0  -0.1 
1927   0.5  -2.0   3.6   4.0   7.7  10.8  16.8  14.8  10.4   5.7  -0.3  -7.7 
1928   0.2  -0.6   0.5   6.9  10.2  10.7  11.9  13.1   8.8   5.2   2.0  -1.4 
1929  -6.2  -5.5   3.2   4.1  10.5  11.8  14.6  11.9  10.2   6.3   3.9   3.8 
1930   2.5  -1.8   2.4   8.2  11.5  13.9  16.4  15.4  10.9   6.6   1.5   2.6 
1931  -2.9  -1.5  -0.7   4.5  11.1  10.7  15.4  13.4   8.4   5.2   5.8  -1.0 
1932   2.9   0.1  -0.7   4.8  10.8  13.3  15.9  14.2   9.8   4.6   1.1   1.1 
1933   1.1  -1.4   1.9   5.1  11.3  17.5  17.2  13.9  11.7   7.0  -0.3  -1.4 
1934   2.8   1.8   2.9   5.8   9.8  14.0  17.1  15.7  12.2   7.2   1.2   3.7 
1935  -2.0  -1.0  -0.7   5.5   9.5  13.3  15.3  14.9  10.7   5.4   5.4  -0.5 
1936   0.6  -1.9   1.8   5.0  12.1  15.1  16.8  14.1   9.3   3.6   2.1   3.0 
1937  -0.5  -4.7  -0.7   8.8  12.2  12.5  17.8  17.3  10.1   8.5   0.2  -3.8 
1938  -0.7  -1.9   4.3   5.5   8.8  11.6  15.0  14.2  11.8   8.0   4.8   1.7 
1939  -3.3   1.4   2.4   4.9  10.4  12.9  14.6  16.0  11.3   2.0   3.1  -3.0 
1940  -6.3  -7.2  -0.4   4.7  12.3  14.6  15.6  12.7   8.7   5.3   2.7  -1.9 
1941 -10.1  -4.4  -1.8   4.2   9.8  14.5  18.3  13.7  10.3   4.1   1.9  -1.2 
1942  -9.6  -6.6  -2.2   5.2   9.6  11.7  14.6  14.7  10.1   5.9   4.0   0.3 
1943  -2.9   2.0   4.4   6.0   9.9  13.5  16.3  12.9  11.0   7.7   0.8  -1.3 
1944  -0.2  -2.2  -0.2   4.3   8.2  12.3  16.3  14.5  10.2   7.4   1.4   1.4 
1945  -6.9   0.0   3.6   5.9  10.1  12.4  17.1  16.5  11.0   6.8   0.5   0.5 
1946  -2.1  -3.6   0.4   6.1  10.8  12.5  15.7  14.2  10.8   2.5   2.6   0.9 
1947  -3.0 -11.9  -3.3   5.1  12.5  14.5  16.4  17.1  11.9   4.8   0.3  -2.3 
1948  -4.0  -2.9   2.4   7.2   9.6  13.5  16.5  14.1  11.1   5.1   1.6   2.6 
1949   1.6   1.2   0.3   6.3  10.4  13.8  16.3  13.1  13.8   7.1   3.6  -0.1 
1950  -1.3  -0.7   3.1   6.1  10.2  12.1  15.0  15.6  10.5   6.8   2.3  -3.0 
1951  -2.7   0.5  -1.6   4.6  10.8  13.1  13.5  14.8  11.2   6.1   3.8   3.2 
1952  -3.4  -1.7   0.3   7.8  11.0  11.4  13.8  13.3   7.8   4.8  -2.0  -1.4 
1953  -1.0  -2.4   3.2   5.7  10.2  16.6  15.2  14.2  10.4   8.3   5.2   2.0 
1954  -3.0  -4.2   2.0   5.0  12.0  13.2  15.1  14.6   9.4   5.6   2.9   2.1 
1955  -2.6  -5.6  -0.4   4.6   8.0  12.3  16.9  16.5  11.2   4.9   3.5  -2.1 
1956  -3.4  -6.0   1.5   4.5   9.9  12.2  15.3  12.7  10.5   5.2   1.4   0.9 
1957   0.9  -1.7   2.0   5.7   9.0  11.6  15.1  13.8   9.0   6.3   0.9  -0.3 
1958  -3.5  -5.0  -4.2   4.2   8.3  13.4  15.0  14.6  11.7   7.7   3.9  -1.6 
1959  -4.9  -2.8   3.7   7.3  10.9  13.5  16.8  15.3  10.3   5.0   4.9   1.5 
1960  -4.1  -2.3   2.9   6.5  11.7  14.6  14.9  15.1  11.2   4.3   2.7  -1.2 
1961  -4.6   1.6   3.9   6.4  10.2  13.0  14.7  13.2  12.0  10.2   4.1  -1.7 
1962   0.5  -1.0  -3.1   5.2   9.3  11.2  14.8  12.6   9.8   6.9   1.6  -3.1 
1963  -8.3  -9.0   0.4   6.6  11.1  16.0  14.7  15.4  10.4   6.0   2.7  -2.7 
1964  -1.0  -0.3   1.1   5.7  10.8  11.5  13.3  13.4   8.9   4.6   2.2  -0.9 
1965  -2.8  -2.1  -1.3   6.5   9.8  13.3  14.5  13.1  11.5   6.5  -2.0  -4.6 
1966  -5.6  -6.6   1.9   3.1   9.6  15.1  14.5  13.5  10.1   6.0   0.2  -0.3 
1967  -4.8   0.8   3.1   4.8   9.5  12.0  13.2  13.4  11.4   5.8   5.5  -1.6 
1968  -4.0  -3.9   1.1   5.3   9.0  13.3  14.8  15.4  12.1   5.0  -2.6  -3.3 
1969   0.1  -6.4  -2.1   6.0  10.9  15.3  14.4  17.2  10.7   6.9  -0.6  -3.3 
1970  -3.1  -6.4  -0.3   2.9  10.8  16.1  13.1  14.8   9.2   6.3   0.4  -1.2 
1971  -1.1   2.0  -0.9   5.2  10.7  12.6  13.9  13.8   9.7   4.9   0.1   2.1 
1972  -3.6  -2.1   2.1   5.9  11.6  13.5  16.4  12.9   8.3   6.1   1.2   2.8 
1973   2.0  -1.4   4.2   3.9   9.6  12.6  16.0  12.3   9.9   3.3  -0.9  -1.2 
1974   3.5   1.5   2.3   7.0  10.4  13.5  13.1  13.2  10.9   4.0   1.7   1.3 
1975   2.4  -1.5   1.1   4.3   9.7  11.9  15.7  16.0  10.0   5.3   2.3   2.5 
1976  -4.8  -2.4  -1.0   4.8  10.9  12.6  15.3  14.5   8.0   6.6   2.4  -4.2 
1977  -3.8  -4.2   2.8   3.5  10.7  13.1  15.2  13.8   8.5   7.4   1.1   0.8 
1978  -0.4  -2.9   1.7   4.8  11.0  14.5  15.1  15.0   9.3   6.2   3.2  -6.2 
1979  -8.0  -5.2   2.0   5.5   8.1  14.1  13.5  13.0   8.8   4.3   1.3  -2.9 
1980  -4.6  -3.7   0.5   5.5  11.1  15.3  16.6  15.0  10.5   3.4  -3.1  -0.8 
1981  -2.7  -3.5   0.4   4.1  11.0  11.6  14.2  12.8  12.1   5.2   0.8  -7.9 
1982  -4.6  -1.1   4.5   5.3   9.8  14.0  15.8  15.1  10.0   7.8   3.2   0.1 
1983   1.6  -3.3   1.8   6.1  10.3  12.5  14.8  13.3  10.5   6.6   2.2   0.3 
1984  -3.7  -0.9   0.1   6.4  11.4  13.0  15.2  14.4   9.7   6.8   5.3   1.8 
1985  -6.2  -5.1   1.7   4.5  11.7  13.7  14.9  13.7   7.8   7.2  -2.7  -3.4 
1986  -6.1  -7.5   4.1   3.6  10.6  14.9  14.7  12.7   7.7   7.1   5.2   0.0 
1987  -8.6  -1.2  -0.9   6.8   9.1  12.4  15.2  13.3   8.5   8.8   2.2  -0.6 
1988   1.6   0.8  -0.1   3.7  11.6  16.5  15.5  14.2  11.6   5.0   2.0   0.5 
1989   4.2   3.5   4.0   6.7   9.1  12.9  14.4  12.5  10.2   5.9   2.8   0.0 
1990   1.7   5.6   4.4   6.0  10.5  14.4  14.5  13.8   9.4   5.8  -0.7   1.3 
1991  -1.0  -2.7   4.4   6.9   9.3  11.3  16.9  14.8  10.3   4.9   2.4   1.4 
1992   2.0   1.3   3.1   5.2  11.2  15.1  14.1  12.4  10.7   2.7   2.1   1.1 
1993   1.0   0.0   1.3   6.6  11.3  12.4  13.9  11.9   8.9   5.0  -0.7  -2.7 
1994  -1.8  -5.9   1.8   6.5   9.2  10.5  16.8  14.2   9.3   5.9   4.4   1.4 
1995   0.2   1.0   2.4   4.7   9.1  13.7  14.3  14.4  11.4   8.0  -1.5  -5.0 
1996  -2.1  -4.1   0.9   6.1 -99.0  12.9  13.0  16.3   8.8   7.6  -2.4  -3.3 
1997  -2.6   1.8   2.3   3.8   8.8  14.4  16.7  17.3  10.6   4.2   2.5  -0.8 
1998   0.4   2.1   0.7   6.0   9.6  12.2  13.9  13.1  11.8   4.2  -1.1   0.0 
1999  -0.2  -0.8   3.2   6.7   8.7  12.5  14.6  14.9  14.2   5.7   4.1  -2.2 
2000 -99.0 -99.0 -99.0 -99.0 -99.0 -99.0 -99.0 -99.0 -99.0 -99.0 -99.0 -99.0 
2001 -99.0 -99.0 -99.0 -99.0 -99.0 -99.0 -99.0 -99.0 -99.0 -99.0 -99.0 -99.0 
2002 -99.0 -99.0 -99.0 -99.0 -99.0 -99.0 -99.0 -99.0 -99.0 -99.0 -99.0 -99.0 
2003 -99.0 -99.0 -99.0 -99.0 -99.0 -99.0 -99.0 -99.0 -99.0 -99.0 -99.0 -99.0 
2004 -99.0 -99.0 -99.0 -99.0 -99.0 -99.0 -99.0 -99.0 -99.0 -99.0 -99.0 -99.0 
2005 -99.0 -99.0 -99.0 -99.0 -99.0 -99.0 -99.0 -99.0 -99.0 -99.0 -99.0 -99.0 
2006 -99.0 -99.0 -99.0 -99.0 -99.0 -99.0 -99.0 -99.0 -99.0 -99.0 -99.0 -99.0 
2007 -99.0 -99.0 -99.0 -99.0 -99.0 -99.0 -99.0 -99.0 -99.0 -99.0 -99.0 -99.0 
