Number= 010010
Name= Jan Mayen
Country= NORWAY
Lat=   70.9
Long=    8.7
Height= 10
Start year= 1921
End year= 2011
First Good year= 1921
Source ID= 34
Source file= Jones+Anders
Jones data to= 2001
Normals source= Data
Normals source start year= 1961
Normals source end year= 1990
Normals=  -5.7  -6.1  -6.1  -3.9  -0.7   2.0   4.2   5.0   2.8   0.1  -3.3  -5.2 
Standard deviations source= Data
Standard deviations source start year= 1941
Standard deviations source end year= 1990
Standard deviations=   3.0   3.0   2.5   1.7   1.0   0.9   0.8   1.1   1.1   1.6   2.2   2.5 
Obs:
1921  -4.4  -7.1  -6.8  -4.3  -0.8   2.2   4.7   5.8   2.7  -2.0  -2.1  -4.0 
1922  -0.9  -1.7  -6.2  -3.7  -1.6   2.9   4.8   6.3   2.7  -0.2  -3.8  -2.6 
1923  -6.1  -2.9  -1.0  -1.5  -1.6   0.9   4.7   4.1   2.2   1.0  -2.5  -3.8 
1924  -0.9  -4.9  -5.0  -3.9  -0.2   2.7   6.8   7.2   3.8   1.2  -2.5  -2.6 
1925  -3.4  -3.3  -4.2  -1.0   0.9   3.7   5.0   6.1   4.2   0.1  -3.1  -4.7 
1926  -1.9  -2.3  -6.0  -0.5   0.3   3.2   6.1   5.7   2.2  -2.7  -1.0  -4.7 
1927  -4.6  -2.3  -3.9  -5.5  -1.7   2.0   5.9   5.9   3.2  -1.2  -1.3  -3.5 
1928  -3.5  -3.3  -3.6  -2.0  -0.7   2.0   4.2   4.8   3.6   1.3  -1.0  -2.2 
1929  -3.1   0.1  -1.9  -3.3   0.0   2.7   3.9   4.8   2.8  -1.8  -0.6   0.1 
1930  -3.1  -2.8  -4.9   0.7   1.2   5.2   6.0   7.3   4.3   0.1  -3.0  -1.2 
1931  -3.5  -4.2  -6.1  -0.3  -0.4   2.3   6.1   5.3   3.5  -2.0   2.0  -3.9 
1932  -4.6  -1.7  -3.6  -4.0   0.6   2.8   6.5   6.0   2.0  -0.4  -3.1  -2.1 
1933  -0.7  -4.9  -3.1  -4.5  -0.1   4.3   6.1   7.3   5.5  -0.3  -0.1  -0.7 
1934  -4.2  -7.2  -3.4  -4.7  -0.5   3.2   6.8   7.7   8.0   1.8  -1.5   0.3 
1935  -2.9  -5.9  -3.1  -3.3  -1.5   2.2   5.3   5.4   2.9   0.2   1.0  -3.1 
1936  -7.1  -4.7  -5.8  -3.5   1.7   3.0   5.7   6.9   3.6   0.6  -1.9  -7.1 
1937  -0.9  -6.1  -6.8  -1.0   0.9   2.9   5.4   6.0   4.0  -0.3  -2.0  -0.6 
1938  -5.1  -3.4  -5.9  -3.9  -1.1   3.7   5.8   5.9   4.1   4.2   1.1   1.7 
1939  -2.6  -3.3  -1.4  -2.9   1.2   3.1   5.9   7.4   4.5   2.2  -3.7  -5.8 
1940  -3.1  -7.2  -4.9  -4.2   0.6   3.5   4.8   4.5   4.0   1.5  -3.0  -2.0 
1941  -7.5  -8.5  -3.5  -2.8  -1.3   1.8   5.6   4.9   4.5   0.4   0.8  -4.3 
1942  -3.1 -10.3  -8.6  -7.3  -2.9   2.0   5.5   4.5   2.9   0.4  -3.1  -5.7 
1943  -7.6 -14.5  -5.5  -4.5  -2.6   0.9   4.1   2.1   2.9   1.2  -2.6  -3.1 
1944  -6.8  -5.3  -5.2  -4.6   0.0   2.4   4.9   4.9   3.6   0.2  -3.0  -3.0 
1945  -5.4  -3.6  -3.6  -2.0   0.5   3.1   5.6   5.8   4.8  -0.6  -0.5  -5.3 
1946   0.2  -6.3  -4.8  -3.9  -0.9   2.8   5.6   6.5   4.8   3.0  -1.7   0.6 
1947   1.2  -5.2  -7.5  -3.2   1.4   3.2   6.5   6.6   3.9   0.9  -3.3  -6.8 
1948  -7.9  -2.0  -3.8  -2.9  -1.8   0.9   4.9   4.3   2.0  -0.3  -3.4  -4.4 
1949  -4.6  -2.1  -4.7  -4.1  -1.0   3.3   4.7   4.1   3.3  -0.9   0.3  -3.7 
1950  -0.2  -3.9  -4.4  -2.7  -0.5   2.3   5.3   7.3   4.5   2.1  -0.5  -4.1 
1951  -4.3  -2.4  -7.1  -5.2  -0.7   0.3   3.9   6.2   4.1   0.7  -3.9  -3.8 
1952  -4.3  -6.0  -5.1  -1.3  -0.4   2.5   4.5   3.5   2.1   3.7  -1.7  -3.4 
1953  -5.0  -5.7  -6.0  -5.9  -0.5   4.6   5.5   7.4   4.6   1.9  -0.4  -0.5 
1954  -4.2  -3.3  -8.8  -4.2  -0.2   1.5   4.5   4.3   2.6  -0.2   2.2  -1.6 
1955  -7.1  -7.7  -6.6  -3.1  -2.0   1.7   5.0   5.3   4.3  -1.2  -2.1  -4.1 
1956  -4.9  -3.9  -2.7  -4.5  -0.6   0.6   4.9   3.7   2.0   0.0  -0.4   0.1 
1957  -1.1  -3.3  -3.2  -1.2  -0.8   1.3   4.2   5.1   3.4   0.6  -0.4  -4.1 
1958  -2.6  -4.8  -3.2  -1.2  -0.3   2.7   4.2   5.7   4.1   2.4  -0.7  -4.1 
1959  -6.6  -5.4  -2.8  -5.9  -1.6   0.9   3.6   4.7   3.3   3.4  -1.0  -1.1 
1960  -2.5  -5.1  -1.6  -1.4   0.5   2.5   5.3   5.7   5.9   0.7   0.4  -2.2 
1961  -2.1  -3.7  -6.9  -5.7   0.2   2.3   4.2   6.4   4.6   4.2  -1.4  -5.8 
1962  -2.8  -4.5  -7.2  -3.1   0.4   1.0   4.1   5.4   3.5  -1.9  -2.6  -3.1 
1963  -6.7 -11.6  -3.0  -3.9   0.4   3.0   3.3   4.6   4.0   1.9  -2.8  -3.6 
1964  -5.2  -5.7  -1.6  -2.3  -1.1   1.4   3.6   4.4   0.8   0.5  -5.9  -6.4 
1965  -5.5  -4.3 -11.0  -3.1  -2.1   1.2   3.7   5.8   3.0   1.9  -3.2  -7.6 
1966 -11.1  -8.9  -8.7  -1.2  -1.2   3.1   4.8   4.0   1.3  -0.8  -3.6  -4.2 
1967  -7.9  -3.8  -9.2  -4.3  -1.0   1.2   3.6   3.4   3.1  -2.8  -5.9  -5.5 
1968  -9.6 -12.3 -13.4  -5.1  -3.1   1.0   2.2   2.5   2.4  -3.5  -1.7  -8.3 
1969  -9.7 -12.4  -9.7  -5.2  -1.1   2.6   5.1   6.7   2.2  -2.3  -6.1  -7.1 
1970  -3.1  -8.8  -8.0  -4.5   0.1   2.7   3.7   4.4   2.6  -0.1  -1.8  -5.4 
1971 -10.0  -4.9  -7.4  -4.8  -0.1   2.5   3.6   4.4   2.5  -1.3  -8.9  -6.0 
1972  -1.1  -6.2  -5.1  -3.6  -0.1   2.9   5.2   4.3   3.0  -0.2  -1.9  -1.8 
1973  -1.9 -12.6  -6.4  -7.4  -0.9   1.9   4.1   5.0   4.1  -1.2  -7.5  -6.6 
1974  -1.4  -3.9  -1.3  -1.5   0.8   3.2   3.7   4.5   2.9   1.3   0.7  -5.5 
1975  -6.8  -3.7  -6.0  -5.0  -1.7   0.7   4.1   5.3   1.4   0.9  -1.6  -8.3 
1976  -6.6  -2.6  -1.5  -4.4   0.4   2.9   5.1   5.1   2.7   3.3  -2.8  -3.1 
1977  -5.8  -5.2  -8.2  -5.7  -1.4   1.5   3.9   4.1   2.8   1.0  -2.9  -2.4 
1978  -6.9  -9.5  -5.5  -2.7  -0.6   2.1   4.5   5.6   3.1   0.3  -5.8  -4.5 
1979  -9.8  -6.8  -5.0  -3.4  -2.7   1.8   3.9   5.4   2.2   1.3  -2.4  -1.3 
1980  -3.3  -4.9  -2.7  -2.7   0.9   2.4   5.0   5.2   3.2  -2.2  -4.1  -6.8 
1981  -7.7  -5.2  -6.9  -4.0  -0.7   0.6   3.7   4.6   2.1  -1.0  -2.8  -6.0 
1982  -9.0  -3.5  -4.6  -5.9  -1.9   0.7   3.6   4.7   1.4   0.9  -3.0  -4.2 
1983  -4.1  -4.9  -5.3  -3.3  -0.1   1.6   4.4   4.3   1.9  -1.4  -5.2  -4.4 
1984  -3.0  -1.3  -3.3  -0.4  -0.5   2.7   4.6   5.1   3.4   1.0  -0.2   0.4 
1985  -3.5  -5.2  -4.6  -5.8   0.1   2.0   5.0   4.8   2.1  -0.2  -3.4  -7.2 
1986  -5.9  -6.1  -4.7  -3.7  -0.7   2.6   3.6   5.2   2.6   1.2  -1.9  -2.0 
1987  -2.6  -9.3  -4.1  -1.5   0.2   2.5   5.3   4.7   3.6   0.7  -2.1 -11.1 
1988 -10.8  -3.3  -7.7  -7.1  -1.0   1.5   4.4   5.8   3.1  -0.4  -4.7  -8.7 
1989  -6.8  -5.9  -6.9  -1.8  -1.1   1.5   4.5   5.7   2.6   0.3  -1.1  -6.8 
1990  -1.5  -3.1  -6.1  -3.4  -0.4   3.1   5.6   7.1   4.8   0.4  -2.0  -3.0 
1991  -1.1  -2.4  -2.4  -3.6  -0.4   2.1   5.6   6.2   3.3   0.9  -1.9  -3.7 
1992  -4.2  -4.9  -5.5  -4.3  -0.8   2.6   4.4   4.8   4.9   0.6   0.9  -2.5 
1993  -5.3  -5.9  -3.7  -1.8  -0.8   1.8   5.3   5.2   3.2  -0.5   1.6  -3.2 
1994  -5.2  -2.1  -2.8  -1.5   0.6   2.6   5.2   5.1   3.1  -2.5  -1.2  -2.9 
1995  -3.4  -4.4  -3.6  -3.2  -0.2   2.8   3.5   4.6   2.4   0.6  -1.7  -4.3 
1996  -1.1  -5.4  -2.6  -3.2  -1.8   1.9   4.9   5.5   3.8  -0.2  -4.0  -6.0 
1997  -8.8  -3.1  -5.0  -4.5  -1.1   1.8   4.2   5.7   2.6  -1.0  -1.5  -1.9 
1998  -6.7  -6.0  -5.6  -2.1  -0.5   2.5   5.1   6.5   4.0   1.6  -0.8  -2.7 
1999  -3.0  -3.8  -1.7  -2.4   1.7   3.8   5.6   5.4   4.7   2.1  -0.8  -4.4 
2000  -4.5  -3.8  -6.2  -4.2   0.3   1.6   5.2   6.3   4.9   2.7   0.6  -4.4 
2001  -2.2  -6.2  -7.3  -4.4   0.1   2.2   4.9   6.4   4.4   2.0  -3.4  -1.5 
2002  -3.7  -5.7  -4.6  -1.0   1.2   4.7   6.9   7.2   4.3   2.7   2.0   0.5 
2003  -6.9  -0.8  -2.7  -2.0  -0.7   3.5   5.8   6.9   4.8  -0.3   1.2  -5.0 
2004  -3.5  -5.2  -0.8  -0.2   0.9   3.3   6.3   7.3   5.8   1.7  -2.3  -3.5 
2005  -2.0  -3.0  -2.6  -0.5  -0.5   3.2   6.1   6.9   2.5  -0.1  -1.9  -0.8 
2006  -0.2  -2.5  -3.5  -0.5   0.8   3.1   5.4   6.6   4.8   0.5  -2.4  -0.8 
2007  -4.9  -2.6  -1.4  -2.0   1.0   3.6   5.5   6.0   3.1   0.6  -3.3  -1.3 
2008  -2.8  -2.7  -4.6  -1.8   1.1   3.3   6.1   6.9   5.8   1.2  -3.5  -0.8 
2009  -2.3  -5.3  -3.2  -1.6   2.0   2.9   6.7   7.2   3.8   0.6  -0.3  -1.3 
2010  -1.1  -3.4  -5.1  -2.5   0.1   2.5   6.2   6.4   5.7   1.7  -1.8  -3.1 
2011 -99.0  -0.6  -5.9  -0.5   1.0 -99.0 -99.0 -99.0 -99.0 -99.0 -99.0 -99.0 
