Number= 010490
Name= ALTA
Lat=   70.0
Long=  -23.2
Height= -999
Start year= 1871
End year= 1939
First Good year= 1871
Source ID= 10
Source file= Jones
Jones data to= 1939
Normals= -99.0 -99.0 -99.0 -99.0 -99.0 -99.0 -99.0 -99.0 -99.0 -99.0 -99.0 -99.0 
Obs:
1871  -5.0  -4.0  -2.2  -3.9   0.7   5.1  10.4   9.0   5.0   1.6  -6.0 -10.7 
1872  -6.6  -7.9  -8.6   0.5   2.4  10.6  12.1  10.4   3.9   1.3  -4.8 -11.1 
1873  -9.3  -9.1  -5.4  -3.3   1.7  10.4  13.7  13.0   8.2  -0.9  -3.7  -7.8 
1874  -4.5  -6.2  -4.6  -0.6   2.3   6.7  10.4  11.3   6.8   3.8  -5.1 -10.2 
1875 -13.0  -8.4  -5.0  -2.7   6.3   9.0  12.4  10.1   5.9   0.7  -6.5  -9.4 
1876  -4.6  -5.2  -8.3  -2.1   1.9  10.9  15.0  11.3   6.8   2.1  -8.0 -10.5 
1877  -8.9 -13.5  -9.1  -4.5   2.6   8.3  12.1   8.8   4.5  -0.8  -1.5  -4.4 
1878  -5.1  -5.8  -6.4  -0.9   4.3   9.6  11.1   9.0   8.6   3.1  -5.7  -7.7 
1879  -5.6 -13.0  -5.6  -1.3   4.3   6.3  12.5  13.8   9.2   0.8  -5.7  -5.5 
1880  -3.0  -6.5  -5.1  -1.4   3.5   7.3  10.4  12.6   8.0  -4.4  -8.4 -10.9 
1881 -12.6 -12.7  -9.6  -3.4   0.5   6.3  11.5  11.6   6.4   1.2  -4.2  -4.6 
1882  -5.0  -6.8  -6.1  -0.9   3.9   7.7  14.0  13.6   8.6   3.7  -8.3 -10.6 
1883  -6.1  -4.7  -4.4   1.8   6.2  12.1  12.1  11.6   6.6   0.5  -1.2  -4.7 
1884  -9.2  -3.1  -2.3  -3.0   1.7   9.1  11.3  11.8   8.2   1.9  -2.7  -9.0 
1885  -9.7  -6.7  -5.0  -1.2   1.2   6.7  11.9  10.6   5.3  -3.6  -5.9  -9.2 
1886 -13.8  -6.2  -1.0  -0.6   4.6  10.3  13.9  13.2   6.2   4.0  -1.7 -10.6 
1887  -3.1  -1.3  -5.2  -0.7   5.2   7.6  11.6  11.2   8.2  -1.8  -5.9 -10.7 
1888  -8.0  -9.3 -10.6  -3.4   3.2   7.2  11.7  11.5   5.8  -1.9  -3.4  -5.7 
1889  -4.6  -9.3  -8.3  -0.5   6.2  11.1  11.4  11.6   7.8   3.5  -0.8  -2.1 
1890  -7.5  -3.3  -4.1  -1.1   5.0  10.2  11.7  12.1   8.3  -1.1  -5.1  -0.9 
1891  -7.5  -1.7  -7.0  -0.2   2.4   5.7  11.4   9.5   5.3   1.7  -4.2  -6.3 
1892 -13.0  -9.8  -1.9  -3.3   1.6   6.2   9.9   9.1   6.6  -2.9  -1.2 -13.2 
1893 -13.6 -14.2  -8.4  -2.3   3.4   8.2   9.6   9.9   2.9   1.0  -6.4  -5.0 
1894  -5.3  -7.1  -4.5   3.6   5.8  14.3  12.6  11.9   4.5  -1.0  -3.2  -6.3 
1895 -10.4  -8.4  -9.4  -1.0   6.1  10.6  11.8  10.4   6.8   0.1  -2.6  -3.6 
1896  -7.1  -4.5  -5.5   0.1   4.7   9.1  14.3  10.7   7.1  -0.1  -4.9  -6.9 
1897  -6.6 -11.4  -9.9   2.0   7.7   8.1  10.6  11.2   7.6   3.8  -4.5  -7.1 
1898  -4.9 -11.2  -7.9  -0.5   5.5   9.7  12.4  11.1   8.1   1.3  -4.0 -11.2 
1899 -13.7  -7.8 -11.6  -5.3   0.9   9.0  13.5   8.8   7.3  -0.5  -1.4  -8.3 
1900  -8.9 -15.1  -5.1  -2.5   2.4   7.0   8.3  10.6   5.2  -0.2  -1.1 -11.2 
1901  -2.1 -10.3  -4.8  -0.6   3.3  10.6  13.0  11.3   9.0   5.7  -5.5 -11.1 
1902 -10.2 -10.1 -10.0  -1.8   2.1   5.9   9.4  10.8   5.7  -1.9  -2.9  -2.4 
1903  -6.6  -5.0  -1.5  -1.5   4.1   8.2   9.9  11.6   6.3  -3.6  -3.9  -4.0 
1904  -3.7 -13.5  -4.0   1.7   3.3   8.5  11.0  10.6   8.1   4.1  -8.6 -11.5 
1905  -7.0  -7.1  -4.3  -1.4   5.2   9.4  14.0  12.5   7.0  -2.0  -6.5  -3.0 
1906  -4.0  -7.9  -9.7   0.3   3.6   8.8  13.0   8.5   6.4   1.5  -4.3  -6.5 
1907 -10.6  -5.3  -1.5   1.3   2.5  11.8  11.5  10.0   5.6   2.8   0.4  -8.2 
1908  -7.8  -9.2  -4.0   0.0   2.9   7.7  11.6  11.7   6.6   4.0  -7.1  -5.0 
1909  -4.0  -5.6  -8.2  -2.7   2.2   7.4  12.5  12.3   7.4   1.5  -8.2  -7.5 
1910  -7.0  -3.2  -3.2  -1.2   5.0   8.4  10.1  10.0   6.4   0.6  -5.8  -6.4 
1911  -4.6  -8.0  -3.1  -0.9   5.4   8.0  12.0  12.0   8.6  -0.9  -2.4  -2.6 
1912 -10.6 -14.4  -5.3  -2.3   3.5   9.3  11.2  12.0   5.7  -0.8  -4.2  -8.5 
1913  -8.3  -5.9  -5.1   0.3   3.8   7.4  14.3  11.8   7.7  -1.1  -3.1  -9.1 
1914  -8.1  -7.4  -5.4  -0.2   4.6   9.5  12.3  12.0   7.3   2.4  -2.4  -6.5 
1915 -10.8 -11.4  -8.7  -0.7   2.2   7.2  16.2  11.9   5.6   1.8  -7.9 -15.2 
1916  -8.4  -6.7  -7.6  -2.0   1.7  10.3  16.0  11.0   6.4  -1.2  -1.5  -8.3 
1917  -7.2 -11.9 -10.1  -4.9   0.7  10.0  10.8  12.4   6.1   1.1  -6.7  -7.2 
1918 -15.2  -7.3  -2.2   0.2   3.3  10.2  14.8   9.8   7.3   2.7   0.6  -7.9 
1919  -6.9 -10.6  -6.9  -3.4   6.0  12.9  12.7  11.0   7.2  -1.1  -6.9 -10.0 
1920  -9.1  -4.7  -0.1   0.7   6.6   9.4  13.9  12.4   9.1   1.8  -1.6  -3.6 
1921 -10.8  -6.2  -4.0   2.7   5.9  10.0  11.5  11.6   6.6  -1.8  -4.1  -6.6 
1922  -7.9  -7.8  -8.2  -1.4   6.3  12.4  15.8  12.0   9.3   2.3  -3.6  -8.3 
1923  -4.7  -7.4  -2.4  -1.6   3.2   6.8  13.0   9.6   7.2   1.3  -5.8  -7.1 
1924  -6.7 -11.4  -8.4  -2.3   4.0   7.9  14.6  13.9   8.4   3.7  -1.8  -2.9 
1925  -1.4  -6.8  -9.9   0.6   4.3   9.7  14.6  12.0   8.1  -1.7  -5.5  -9.6 
1926  -7.7  -9.5  -3.4  -1.8   3.5   8.4  12.1  10.1   7.3  -2.3  -3.4  -9.8 
1927 -10.3  -5.7  -5.2  -2.2   2.6   8.7  15.9  13.1   6.4  -2.4  -5.9  -5.7 
1928  -6.3  -5.4  -3.0  -0.2   3.8   9.6  11.4  11.9   7.3   0.3  -5.4  -7.1 
1929  -7.5  -8.4  -4.2  -5.2   5.0   8.9  10.3  10.9   8.0   1.3  -1.7  -0.8 
1930  -5.6  -3.1  -7.2   0.2   5.3  10.1  14.9  13.7   5.5   1.9  -2.6  -4.8 
1931  -8.3  -7.2  -5.3  -0.7   4.4   6.5  14.5  10.9   5.5   1.3  -1.1  -3.7 
1932  -4.8  -4.6  -5.2  -1.1   2.2   8.0  12.4  11.9   6.0  -0.3  -2.0  -0.5 
1933  -3.2 -10.0  -5.9  -2.9   3.6  11.4  13.2  12.1   7.9   1.6  -3.0  -3.8 
1934  -1.8  -7.3  -4.8  -1.5   5.9   8.2  16.7  13.4  10.8   2.5  -1.8  -3.4 
1935  -6.0  -7.5  -3.3  -1.0   2.1   7.9  12.1  12.3   5.8   1.4  -1.2  -4.5 
1936  -9.3 -12.5  -6.5  -1.1   6.1  12.4  13.0  13.1   7.0   0.7  -0.7  -1.6 
1937  -4.9 -10.2  -7.0   2.3   6.6  11.6  16.9  14.8   7.7   4.0  -4.2  -7.9 
1938  -6.6  -2.0  -4.1   0.2   4.0  11.0  15.9  12.5   9.5   4.3  -0.2  -3.8 
1939  -9.0  -4.6  -4.2  -2.0   3.7   8.6  13.9  13.4   5.3   1.4  -1.7  -7.7 
