Number= 010650
Name= Karasjok
Country= NORWAY
Lat=   69.5
Long=  -25.5
Height= 129
Start year= 1876
End year= 2011
First Good year= 1876
Source ID= 34
Source file= Jones+Anders
Jones data to= 1999
Normals source= Data
Normals source start year= 1961
Normals source end year= 1990
Normals= -17.1 -15.4 -10.3  -3.1   3.8  10.1  13.1  10.7   5.3  -1.3  -9.4 -15.3 
Standard deviations source= Data
Standard deviations source start year= 1941
Standard deviations source end year= 1990
Standard deviations=   4.1   5.0   3.5   2.0   1.8   2.0   1.8   1.4   1.4   2.6   3.6   5.2 
Obs:
1876 -11.8 -11.4 -13.9  -5.8  -0.4  11.7  16.4  10.9   5.4  -1.0 -13.8 -16.9 
1877 -18.4 -20.1 -14.7  -8.2   1.6   8.0  12.5   7.8   2.1  -3.5  -5.0  -9.7 
1878 -12.8 -11.8 -10.3  -3.3   4.0  10.7  11.2   8.2   7.8   0.9 -11.9 -16.6 
1879 -14.4 -19.7  -9.5  -3.8   2.8   5.9  11.8  13.5   8.5  -2.0 -12.8 -12.1 
1880  -9.7 -12.7 -10.1  -4.2   2.4   7.8  10.5  12.5   6.7  -8.3 -15.6 -19.6 
1881 -22.8 -22.7 -14.4  -5.8   0.0   7.3  12.1  11.4   4.9  -1.3  -8.9 -10.1 
1882  -9.6 -12.4  -9.2  -2.1   3.1   7.8  14.7  13.5   7.2   2.4 -15.3 -19.3 
1883 -15.7  -9.6  -9.1   0.2   5.9  13.5  11.6  10.1   4.7  -2.4  -5.1 -10.1 
1884 -16.0  -8.5  -5.9  -5.7  -0.4   9.4  11.6  10.7   6.6  -0.5  -8.4 -18.1 
1885 -17.7 -10.0  -9.9  -3.8  -1.0   6.4  13.2  10.1   3.5  -6.9 -11.6 -17.8 
1886 -21.7 -11.6  -5.5  -3.2   3.0  10.1  14.8  12.2   4.4   1.8  -5.9 -21.1 
1887  -7.0  -6.5  -9.5  -3.1   5.2   7.7  12.6  10.5   6.6  -5.4 -14.3 -21.3 
1888 -16.4 -19.1 -16.2  -7.0   2.2   7.1  11.6  10.5   3.8  -5.1  -9.2 -13.6 
1889 -11.9 -16.9 -14.7  -2.9   5.3  12.4  11.5  11.4   6.9   1.8  -4.4  -8.2 
1890 -12.7 -10.2  -7.0  -4.1   4.3  10.4  12.7  11.7   6.4  -3.4  -9.5  -7.6 
1891 -15.3  -6.5 -11.7  -3.0   1.7   6.2  12.5   8.6   4.3  -0.2  -9.1 -13.0 
1892 -20.0 -18.4  -6.7  -6.2   1.0   6.4  10.2   8.4   5.6  -6.9  -6.3 -20.7 
1893 -25.5 -24.5 -15.4  -4.5   2.8   8.5  10.8   9.7   1.4   0.4 -11.8  -8.9 
1894 -11.8 -10.0  -8.0   1.5   5.7  15.9  13.0  12.1   2.8  -4.8  -7.6 -12.1 
1895 -20.9 -14.5 -15.6  -2.9   5.3  11.7  11.6   9.6   4.8  -3.4  -7.9  -8.2 
1896 -15.7 -10.8  -9.6  -2.1   4.1  10.1  15.4  10.1   6.0  -4.8 -12.9 -13.2 
1897 -13.6 -18.9 -16.6  -0.5   9.1   8.9  12.2  10.5   6.4   1.9 -10.7 -13.8 
1898 -11.1 -16.8 -12.0  -4.1   5.0  10.2  13.6  11.4   6.7  -0.9  -9.9 -21.1 
1899 -21.5 -16.7 -18.3  -8.2  -0.4   9.5  14.1   7.9   6.5  -3.8  -8.1 -16.6 
1900 -15.5 -24.8 -10.1  -6.0   1.8   8.1   8.7   9.8   3.2  -1.2  -4.6 -19.6 
1901  -7.4 -19.0  -9.3  -2.6   3.1  12.3  15.3  10.7   7.9   3.6 -11.3 -21.5 
1902 -21.1 -17.3 -17.1  -5.0   1.3   5.3   9.2  10.0   3.9  -4.6  -7.9  -7.5 
1903 -12.8 -11.1  -5.6  -4.0   3.3   8.9  10.0  10.5   4.5  -8.5  -9.5 -10.2 
1904  -9.1 -21.1  -8.8   0.1   3.0   9.6  11.3  10.4   6.5   1.7 -16.8 -22.3 
1905 -15.4 -15.7  -8.0  -2.9   5.2  11.0  14.0  11.1   5.2  -5.0 -11.0 -10.9 
1906  -9.7 -12.0 -14.5  -1.4   3.2   9.6  13.5   7.9   5.6  -0.1 -11.3 -11.6 
1907 -16.7 -10.4  -4.8  -0.3   1.9  12.0  12.0   9.7   4.2   1.1  -2.2 -13.4 
1908 -14.3 -15.5  -8.7  -1.5   2.7   8.8  12.7  11.2   5.5   1.9 -15.2 -10.5 
1909 -10.0 -12.4 -14.2  -6.5   1.0   7.2  13.5  11.7   6.4  -0.4 -17.5 -11.8 
1910 -12.8  -6.0  -7.7  -3.1   4.5   8.8  11.1   9.0   5.1  -2.0  -8.7 -11.4 
1911 -12.9 -15.6  -6.2  -3.1   5.1   8.2  12.4  11.9   7.0  -4.8  -8.4  -6.5 
1912 -21.2 -23.0  -7.8  -5.9   2.0   9.7  11.8  10.4   4.6  -3.0  -8.6 -13.7 
1913 -17.3 -13.8 -12.4  -2.4   3.5   8.1  15.6  10.6   5.6  -5.4  -6.2 -15.9 
1914 -17.2 -12.7  -9.4  -2.7   3.3   9.9  13.4  10.5   5.2  -0.4  -7.5 -13.2 
1915 -15.8 -17.2 -13.4  -3.0   0.8   6.9  16.3   9.7   4.3  -0.9 -13.2 -23.9 
1916 -14.5 -11.6 -12.5  -5.4   0.3   9.7  16.0   9.0   4.0  -4.1  -4.8 -13.8 
1917 -16.9 -20.6 -17.8  -6.3  -0.6  10.5  10.7  12.3   4.8  -0.8 -10.9 -16.3 
1918 -24.3 -11.8  -5.2  -1.6   2.5  10.0  13.8   8.2   5.6   0.2  -2.2 -11.1 
1919 -12.3 -18.3 -10.7  -6.0   5.5  13.3  13.8  10.1   5.6  -4.4 -13.0 -16.0 
1920 -15.3  -9.6  -3.2  -0.6   6.4  11.2  14.3  11.3   8.0  -1.4  -7.1 -12.6 
1921 -19.1 -13.8  -8.1   0.8   6.2  11.1  11.3  11.6   5.5  -5.1 -10.5  -9.8 
1922 -14.4 -14.9 -12.7  -3.3   5.6  13.2  14.5  11.3   7.9  -1.3  -9.7 -16.3 
1923  -8.7 -15.9  -7.1  -4.1   2.2   7.1  13.9   9.1   5.3   0.0  -9.6 -12.9 
1924 -13.9 -17.0 -13.7  -4.6   3.2   7.5  15.7  12.8   7.3   1.8  -9.3  -7.8 
1925  -6.3 -14.9 -15.3  -1.5   3.6   9.3  16.3  10.9   6.2  -4.6 -12.6 -15.9 
1926 -17.1 -19.4  -5.9  -4.1   3.3   9.0  12.7  10.2   5.9  -5.7  -7.2 -17.0 
1927 -15.4 -10.6 -10.4  -4.6   1.4   8.6  16.0  11.6   4.8  -6.4 -14.1 -12.2 
1928 -12.1 -11.3  -7.0  -2.6   2.6   8.4  10.5  10.9   5.6  -2.9 -10.6 -16.0 
1929 -14.1 -17.7  -8.8  -8.5   4.1   9.0   9.9   9.7   6.5  -0.4  -5.8  -2.9 
1930 -10.9 -11.4 -12.5  -2.7   4.3  10.1  14.0  12.0   3.3  -0.3  -5.6 -12.3 
1931 -15.8 -11.8 -10.3  -4.1   3.8   6.1  15.2  10.4   3.4  -1.6  -3.1  -9.9 
1932  -9.5  -9.8  -9.3  -2.7   1.1   7.8  12.5  10.8   4.6  -2.5  -5.9  -5.2 
1933  -7.4 -16.2 -11.0  -5.9   2.3  11.3  14.6  11.2   5.8  -0.9  -7.6  -9.9 
1934  -5.8 -14.2  -8.3  -4.1   5.9   8.6  16.3  12.4   9.3   0.8  -6.9  -9.2 
1935 -13.9 -15.3  -8.1  -3.0   1.0   8.7  13.0  10.5   4.1   0.4  -2.1  -8.6 
1936 -15.8 -19.6 -12.2  -3.2   6.1  13.5  13.3  12.2   5.7  -2.5  -4.2  -5.7 
1937  -8.5 -18.4 -11.1   0.0   6.2  12.7  16.6  15.5   5.3   0.6  -8.3 -13.8 
1938 -14.0  -6.4  -8.6  -1.9   3.6  10.6  17.1  11.4   7.6   1.9  -3.6  -6.2 
1939 -16.0 -11.4  -8.7  -4.8   2.5   8.9  13.3  13.1   3.7  -2.1  -5.9 -18.7 
1940 -19.8 -17.0 -14.7  -4.6   7.7  10.8  10.8  11.2   6.9   0.3  -9.6 -13.0 
1941 -18.2 -15.7 -12.4  -5.9   2.3   8.6  17.5  10.7   4.7  -4.5  -5.1 -16.6 
1942 -21.2 -17.0 -13.8  -3.2   2.2   9.9  13.6  10.2   5.2  -2.9  -7.4 -14.5 
1943 -20.4  -9.5  -6.8  -3.1   3.8  11.4  13.9  10.5   5.8  -2.1  -6.4  -6.6 
1944 -13.2 -10.6  -8.9  -5.9   2.4   9.1  12.3  10.0   6.4   1.3  -8.2 -11.4 
1945 -16.7 -13.2 -10.2  -2.1   2.8   8.3  14.3  13.3   5.5  -6.2  -9.1 -15.4 
1946 -11.2 -18.5 -11.2  -3.5   2.8  11.6  14.3  11.9   7.8  -1.8 -10.4  -3.9 
1947  -9.8 -24.8 -16.2  -3.7   2.9  12.4  14.1  11.0   7.0   0.6  -9.1 -14.6 
1948 -22.2 -11.4  -7.4  -0.5   5.3   8.6  14.1   8.4   6.7  -0.9  -6.2  -7.1 
1949 -11.3  -9.1  -9.8  -2.7   3.3   8.6  10.4   9.2   7.9  -1.8  -2.0 -10.1 
1950 -17.6 -15.6  -9.3   0.3   3.3  11.5  11.8  13.3   6.8   1.7  -9.8 -11.3 
1951 -18.4 -12.8 -11.2  -1.2   1.3   7.1  10.7  14.1   6.2   3.1 -12.4 -15.8 
1952 -14.5 -11.2 -12.7  -1.5   2.7  11.7  12.9   8.2   5.4  -1.7  -7.8 -18.5 
1953 -13.5 -17.8  -6.6  -0.8   3.8  15.0  12.9  11.7   4.5   0.8  -5.0  -7.8 
1954 -14.0 -17.2  -7.7  -2.1   6.2   9.2  14.8  10.6   6.1  -3.3  -7.5  -6.2 
1955 -16.1 -21.8 -13.4  -5.9   1.8   6.4  12.2  11.8   6.7  -2.5 -15.1 -22.6 
1956 -16.2 -17.4 -10.3  -7.5   4.6  11.4  12.2   8.9   4.2  -3.6 -14.5 -13.9 
1957 -10.8 -14.0 -10.5  -1.4   2.6   7.8  15.6  11.4   5.4  -1.7  -6.2 -16.3 
1958 -17.6 -16.2 -12.6  -5.1   1.4   8.7  11.3  11.8   5.6   0.1  -3.6 -19.3 
1959 -15.4  -3.5  -3.6  -5.1   4.6  10.6  13.2  11.7   4.7  -0.5  -6.0 -11.1 
1960 -20.9 -20.3  -4.7   0.3   7.6  10.6  17.1  12.4   7.1  -6.0 -10.1 -14.7 
1961 -13.2 -13.9  -8.6  -6.5   2.7  11.9  14.6  11.8   5.7   3.7  -5.2 -21.0 
1962 -20.3 -14.9 -18.8  -1.9   2.5   8.6  10.2   9.3   5.1  -1.3  -4.5 -18.4 
1963 -15.1 -17.7 -14.0  -2.6   9.5   8.3  11.5  11.4   8.0   1.1  -8.9 -14.1 
1964  -6.9 -16.7 -10.1  -4.3   4.0   9.1  13.5  10.0   4.2   2.3  -8.0 -12.1 
1965 -16.1 -12.1 -13.8  -2.3   0.7   8.8   9.7   9.8   6.2  -1.3 -12.3 -19.1 
1966 -21.1 -27.1 -17.8  -5.5   1.9  11.0  14.1   9.7   2.5  -4.5  -5.9 -10.4 
1967 -21.6 -12.9  -5.5  -1.9   4.3   9.8  12.8  12.2   7.5  -1.6  -3.1 -21.3 
1968 -20.3 -17.9 -11.2  -3.5   0.0   8.8   9.8   9.3   3.4  -8.3  -6.0  -7.3 
1969 -16.3 -18.5 -12.4  -4.3   2.0   9.8  13.0  12.1   5.1   0.4 -10.6 -15.4 
1970 -16.8 -26.0  -8.1  -6.9   4.6  13.0  15.0  12.4   5.6   0.3  -9.6 -11.3 
1971 -16.7 -20.1 -15.7  -4.5   2.8   9.7  11.9  11.0   4.4  -2.8 -17.8  -8.8 
1972  -8.7 -13.7  -6.4  -2.8   3.4  14.4  16.6  12.4   5.5  -0.6 -11.4  -7.3 
1973  -8.9 -16.7  -8.2  -3.0   3.3  11.4  17.2   9.9   2.5  -6.8 -13.3 -19.7 
1974 -10.7  -9.3  -5.3  -1.4   3.9  11.8  14.9  11.4   7.4  -1.2  -7.9  -9.3 
1975 -17.3 -10.6  -4.5  -2.9   4.7   7.3  10.9   8.9   6.2  -1.1  -6.5 -15.4 
1976 -24.0 -11.9 -10.7  -2.3   6.2   8.7  12.7  11.5   2.9  -3.6 -11.3 -14.3 
1977 -16.8 -16.3 -10.7  -4.6   2.7   8.4  12.9  10.8   4.1  -3.5  -5.7 -12.6 
1978 -20.7 -14.9 -10.9  -4.2   4.4  10.2  12.5  10.1   4.7  -1.7  -9.4 -19.9 
1979 -20.5 -15.7  -8.7  -3.4   4.0  11.2  14.7  11.8   5.8  -3.9  -8.5 -11.2 
1980 -19.6 -18.6 -12.4  -0.5   3.5  12.7  13.1  11.2   6.4  -2.8 -14.5 -20.4 
1981 -21.4 -18.1 -16.5  -2.9   3.4   7.0  13.3  10.0   5.1  -0.2  -9.0 -22.1 
1982 -18.9 -11.0  -8.2  -2.3   3.6   5.7  13.7  10.2   4.5  -1.9  -8.0 -11.8 
1983 -15.3 -13.4  -8.2  -0.6   4.1  10.0  13.3   9.5   7.7  -1.5 -17.8 -21.7 
1984 -18.4  -6.6 -10.5  -1.4   7.8  10.8  11.7  10.0   4.0  -2.7 -12.3  -8.1 
1985 -21.6 -25.3  -8.6  -5.3   1.8   9.6  14.8  11.8   6.0  -0.6  -9.0 -22.6 
1986 -21.8 -15.4  -5.9  -3.8   5.1  12.7  12.9   9.2   2.9   1.4  -5.5 -22.5 
1987 -20.7 -16.6 -12.8  -4.0   3.3   8.6  11.2   8.4   5.8   4.7  -9.6 -20.5 
1988 -15.8 -15.3 -11.8  -5.0   3.8  11.6  15.1  10.9   6.8  -0.5 -15.0 -18.9 
1989 -10.2 -10.5  -4.7   1.5   5.9  12.3  12.3  11.9   5.9  -1.4  -5.5 -14.9 
1990 -16.8  -4.0  -7.1  -0.1   3.7  11.0  13.5  12.2   5.7   0.2  -9.9  -6.6 
1991 -11.1 -16.8 -10.3  -1.0   3.6  10.8  13.0  11.8   4.2  -0.9  -8.2  -9.5 
1992  -9.5  -7.6  -4.8  -4.3   6.1  12.1  11.2   9.5   8.1  -9.5 -11.6  -6.4 
1993 -10.7 -10.1  -9.3  -3.3   3.7   6.9  14.4  11.7   2.8  -5.0  -7.3 -13.4 
1994 -22.4 -12.9  -7.5   1.0   3.5   9.7  13.6  11.8   4.8  -1.6 -10.8  -7.9 
1995 -11.5  -9.3  -4.0  -3.0   3.1  11.0  11.9  10.7   5.4  -2.8 -13.9 -18.9 
1996 -11.2 -16.2  -7.2  -4.3   1.1   9.4  12.2  13.1   5.1   1.1 -10.4 -16.3 
1997 -14.2 -13.2  -7.2  -5.9   3.2  10.1  15.0  13.4   8.0  -0.6 -10.5 -11.8 
1998 -13.4 -22.6 -12.2  -4.9   3.4   8.6  15.0  10.8   5.4  -0.1 -13.7 -13.2 
1999 -20.7 -16.0  -7.8  -1.5   2.4  12.9  13.8   9.1   8.3   1.6  -3.0 -18.7 
2000 -99.0 -99.0 -99.0 -99.0 -99.0 -99.0 -99.0 -99.0 -99.0 -99.0 -99.0 -99.0 
2001 -99.0 -99.0 -99.0 -99.0 -99.0 -99.0 -99.0 -99.0 -99.0 -99.0 -99.0 -99.0 
2002 -99.0 -99.0 -99.0 -99.0 -99.0 -99.0 -99.0 -99.0 -99.0 -99.0 -99.0 -99.0 
2003 -99.0 -99.0 -99.0 -99.0 -99.0 -99.0 -99.0 -99.0 -99.0 -99.0 -99.0 -99.0 
2004 -99.0 -99.0 -99.0 -99.0 -99.0 -99.0 -99.0 -99.0 -99.0 -99.0 -99.0 -99.0 
2005 -99.0 -99.0 -99.0 -99.0 -99.0 -99.0 -99.0 -99.0 -99.0 -99.0 -99.0 -15.7 
2006 -12.4 -14.5 -12.4   1.3   5.5  11.7  12.7  12.5   5.6  -2.7  -6.7  -7.8 
2007 -17.8 -20.9  -3.3  -1.2   4.2  10.5  13.0  11.7   5.0   2.7  -7.4  -6.3 
2008  -9.3 -10.4  -9.7  -3.4   3.3   9.3  12.2   9.2   4.5  -0.9  -8.9  -8.4 
2009 -10.8 -18.5  -7.2  -1.9   6.3   9.0  12.3  12.1   7.2  -3.5  -3.1 -13.2 
2010 -16.3 -19.8 -12.2   0.5   6.3   9.0  13.7  10.2   6.8   0.8 -15.4 -14.7 
2011 -16.8 -20.7  -6.6   1.8   5.0 -99.0 -99.0 -99.0 -99.0 -99.0 -99.0 -99.0 
