Number= 012710
Name= Trondheim/Vaernes
Country= NORWAY
Lat=   63.5
Long=  -12.9
Height= 12
Start year= 1762
End year= 2011
First Good year= 1870
Source ID= 34
Source file= Jones+Anders
Jones data to= 2000
Normals source= Data
Normals source start year= 1961
Normals source end year= 1990
Normals=  -3.4  -2.5   0.1   3.6   9.1  12.5  13.7  13.3   9.5   5.7   0.5  -1.7 
Standard deviations source= Data
Standard deviations source start year= 1941
Standard deviations source end year= 1990
Standard deviations=   3.1   3.1   2.3   1.3   1.4   1.6   1.3   1.2   1.4   1.5   1.9   2.6 
Obs:
1762  -1.5  -3.6  -2.3   6.0   7.4  12.0  12.8  11.2   9.4  -0.3   0.3   0.2 
1763  -2.7  -3.5  -1.6   1.6   7.4  13.6  16.1  13.4  10.5   5.5   1.6  -5.0 
1764  -3.0  -0.7   1.3   3.8   7.4   8.7  15.8  12.2   8.3   4.4  -0.5  -4.9 
1765  -6.6  -6.8   0.6   4.0   6.3   9.5  12.0  10.9   8.3   3.7   1.2  -2.3 
1766  -2.1  -2.8   0.4   7.4   6.2  15.7  20.5  13.4   9.4   4.7   3.1  -2.9 
1767  -9.1  -3.1  -0.6   2.5   7.1  10.8  13.2  14.8  11.2   4.3   2.2  -2.7 
1768  -4.6  -5.0  -2.4   0.7   9.6  13.6  15.9  14.3   8.5   0.8  -0.8  -0.4 
1769  -2.6  -4.8   0.5   5.0   8.8  12.6  14.6  13.3  10.2   2.3  -1.2  -3.2 
1770  -5.0  -1.2  -9.0   1.4  10.5  13.9  17.5  14.6  12.0   5.0  -3.7  -7.0 
1771  -7.3  -4.4  -3.7   0.5  10.7  16.3  13.7  12.7   9.6   3.4   0.9   0.6 
1772  -5.1  -7.6  -3.6   2.5   6.3  12.2  14.5  13.6   9.4   6.7   2.8  -0.7 
1773  -2.7  -2.9   0.4   5.1   9.2  11.8  14.8  14.9  10.3   5.9   1.1  -2.2 
1774  -9.0  -3.0  -0.8   4.2   8.2  13.3  14.9  13.6   9.4   5.0  -4.7  -4.2 
1775  -4.3  -1.2   0.6   4.6   9.3  14.0  16.3  15.6  12.4   5.9  -1.5  -1.3 
1776  -9.8  -2.3   0.0   4.1   7.0  13.2  16.1  14.2   9.6   5.1   0.7  -2.0 
1777  -5.4  -4.9  -1.6   2.7   9.1  11.5  13.4  14.0   9.8   4.4   1.6  -2.1 
1778  -4.8  -2.8  -1.0   4.7   9.3  13.1  16.0  14.1   8.9   1.0   0.3  -0.1 
1779  -3.2   2.0   3.3   6.1   9.2  12.3  15.8  17.0  11.5   7.0   0.5  -4.2 
1780  -5.3  -2.6   1.5  -2.5   9.3  10.3  14.0  15.0   9.6   5.2  -2.4  -3.2 
1781  -3.1  -4.0   2.0   0.5   7.3  14.4  14.5  14.9  12.9   4.9   1.3  -4.1 
1782  -3.9  -1.5  -2.7   2.4   4.5  11.4  13.8  15.7  10.9   1.9  -2.8  -1.8 
1783  -5.9  -2.6  -1.6   5.9   9.4  12.8  17.2  13.4  12.4   5.3   1.9  -3.1 
1784  -6.8  -3.7  -8.1   1.2   8.8  12.5  12.9  11.5   8.8   2.8   0.4  -5.6 
1785  -4.7  -4.9  -2.2   1.3   6.8  13.2  16.2  13.6   8.9   3.4   0.7  -3.4 
1786  -7.3  -3.8  -5.5   2.3   7.6  13.1  12.7  15.4  10.5   4.9  -3.8  -1.8 
1787  -1.3   0.4   0.6   0.4   8.5  13.8  12.9  11.3  11.0   5.4  -1.7  -3.8 
1788  -3.3  -5.2  -3.8   7.1   8.1  13.4  17.1  14.4  12.3   4.1   0.5  -9.6 
1789  -6.8  -2.7  -7.9   2.1   8.5  15.6  16.7  15.5  11.9   6.4   1.1   1.7 
1790  -0.4   1.2   4.0   0.4  11.2  10.5  13.3  12.8   9.3   3.2  -0.4  -1.6 
1791   0.4  -0.5   2.3   2.8   8.1  10.4  17.4  14.3   8.8   3.2  -1.1  -3.1 
1792  -6.6  -4.0  -1.3   4.1   8.1  13.9  16.9  13.5  10.6   2.4   4.4  -1.0 
1793  -2.3  -3.3  -0.2   5.9   8.5  13.8  12.9  13.8   9.8   5.0  -1.2  -5.0 
1794  -6.7  -2.8   3.8   8.8   8.8  11.8  15.4  15.1  10.0   5.0  -2.3  -1.6 
1795  -4.7  -6.6  -5.0   7.8   5.9  11.4  14.1  14.5  10.3   4.8   0.3  -4.0 
1796  -0.8  -1.8  -1.6   6.3   8.7  11.9  16.6  14.7  10.3   4.4   0.1  -6.0 
1797  -0.9   3.1   0.7   8.4   8.1  12.3  15.4  15.3  12.5   5.8  -0.6  -2.6 
1798  -3.8  -1.2  -1.2   5.6  14.1  13.2  17.9  14.4  11.8   6.8   2.7  -6.3 
1799  -3.3  -9.3  -1.7   1.8   6.7   9.4  14.5  12.3   9.2   4.0   5.3  -2.5 
1800  -8.1  -0.1  -2.5   5.3   8.7   8.5  11.5  12.1  10.3   5.0   2.5  -2.1 
1801  -3.3  -6.0  -0.5   5.8  12.8  11.0  14.9  11.9  11.3   4.6  -0.7  -8.6 
1802  -5.9  -3.8   0.2   6.4   5.6  12.2  13.3  13.3   9.4   6.2  -0.4  -2.9 
1803  -7.3  -4.3  -0.7   6.5   7.6  11.2  15.7  14.5   8.6   4.1  -0.8  -4.5 
1804  -2.9  -5.2  -2.9   3.0   9.6  12.5  15.1  14.5  10.7   5.9  -2.1  -5.9 
1805  -5.5  -5.3  -1.1   3.1   6.3   9.4  14.5  13.7  10.9   1.7  -0.4  -3.0 
1806  -3.5  -2.6  -1.9   1.4   8.4   9.7  13.0  14.1  11.0   4.8   0.7  -0.6 
1807  -3.8  -2.7  -2.2   2.0   7.4  11.4  14.7  15.9   7.8   4.4  -1.2  -2.7 
1808  -3.1  -5.1  -2.7   1.5   9.5  13.1  16.1  15.1  10.8   4.5  -1.0  -5.7 
1809  -9.3  -4.0  -1.8   0.4   9.3  11.5  14.2  14.4   9.9   4.4  -1.0  -0.7 
1810  -3.3  -3.3  -3.0   2.7   5.4  11.7  14.7  13.8  10.5   4.2  -1.0  -3.1 
1811  -4.7  -2.5   2.0   2.9  10.2  13.2  16.3  13.6  10.3   5.3   0.7  -2.3 
1812  -4.1  -1.8  -3.8   0.2   6.5  11.2  12.0  13.9   8.0   6.4  -1.3  -6.2 
1813  -3.9   0.0   1.1   4.0   7.9  12.0  15.3  13.4  10.2   2.4   0.0  -2.0 
1814 -10.5  -5.9  -1.9   5.4   6.2  10.5  15.1  13.5   9.6   4.1   0.8  -2.5 
1815  -4.9  -0.8   0.9   4.8   8.8  11.8  13.1  13.4   9.2   5.5  -0.6  -3.8 
1816  -3.9  -5.0  -2.1   2.9   6.4  11.5  14.2  12.0   8.9   3.0  -0.9  -2.3 
1817  -0.7   0.2  -0.9   2.8   8.0  11.5  13.3  12.0  10.6   1.7   1.7  -5.9 
1818  -3.5  -6.4  -0.9   0.5   9.1  14.9  17.0  11.7  11.1   6.6  -0.1   1.8 
1819  -0.5  -4.4  -0.1   4.4   9.5  14.8  18.9  17.3  11.6   3.1   0.2  -6.6 
1820  -8.2  -1.8   0.2   5.0  10.4  14.1  16.0  12.8   9.7   3.4  -2.6  -5.9 
1821  -6.0  -2.4  -0.2   5.1   9.6   9.8  13.1  12.3   9.3   6.6  -1.2  -1.4 
1822  -3.4  -0.1   2.5   5.1  10.4  11.7  14.3  15.0   7.9   4.3   1.2  -0.7 
1823 -10.2  -7.0  -0.1   4.1   8.8  13.6  15.8  15.8   8.9   6.9   2.2  -2.2 
1824  -0.4  -0.9  -1.1   5.4   8.9  15.4  15.7  14.6  11.1   2.3  -2.8  -3.1 
1825  -0.5  -3.0  -0.7   5.3  10.4  13.0  13.7  14.1   9.2   5.3  -0.8  -2.4 
1826  -3.9   1.2   1.6   4.7  11.7  15.6  19.1  16.8   9.2   6.0   0.5  -0.8 
1827  -8.1  -8.5   0.4   6.0  13.4  16.1  13.4  13.1  11.3   4.0  -2.0  -1.5 
1828  -5.0  -5.5   0.0   3.9  10.9  14.9  16.5  13.2   9.0   5.9  -0.7  -2.4 
1829  -7.9  -5.4  -1.5   2.2   8.8  14.4  16.5  12.8  10.0   3.4  -2.4  -4.8 
1830  -6.0  -6.4   1.2   4.4   8.9  13.7  16.3  11.8  10.4   5.9  -1.9  -6.9 
1831  -5.9  -6.0  -1.1   3.9   9.1  16.3  18.1  16.9   9.6   6.3  -2.4  -0.8 
1832  -2.8  -1.2   2.0   6.5   7.6  15.9  12.2  13.3   7.9   7.2   1.2   0.1 
1833  -0.8  -3.6  -1.4   3.1  11.3  13.9  16.3  10.9  11.7   6.2   0.2  -4.0 
1834  -4.6  -1.2   2.4   3.1   9.2  12.9  17.8  14.4  10.7   5.3  -0.8  -1.1 
1835  -2.6  -2.9  -0.2   1.9   6.5  12.0  13.3  11.5  11.6   6.0  -0.8  -2.4 
1836  -4.3  -3.3  -0.4   4.1   6.3  10.8  13.6  10.6   7.2   4.8  -2.8  -4.3 
1837  -5.7  -0.6  -4.0   2.6   7.7  10.1  11.9  12.6  10.6   6.0   0.4   0.3 
1838  -9.7  -7.2  -3.2   0.9   6.7  10.8  13.7  11.5   9.6   4.2  -2.1  -1.4 
1839  -4.9  -1.8  -4.4   0.3   7.3  10.4  15.6  12.1  11.6   7.6  -0.7  -4.6 
1840  -3.1  -0.3   1.8   4.5   5.7  11.3  13.4  14.9  10.8   2.8   1.3  -1.0 
1841  -8.7  -3.4   1.3   5.7   9.7  11.9  12.1  13.5  10.6   2.4  -2.4  -2.1 
1842  -3.3   1.7   0.3   4.3  10.5  12.2  13.9  15.5   9.8   3.5  -2.1   0.8 
1843  -2.3  -4.2  -2.8   1.0   7.2  11.4  14.8  15.3  10.1   2.5   0.4   2.2 
1844  -4.0  -9.9  -1.8   4.7   9.6  10.6  14.3  14.9   8.9   4.3  -2.0  -6.6 
1845  -2.7  -9.9  -4.6   3.7   9.0  13.2  15.6  14.8   9.1   3.7   1.3  -3.0 
1846  -4.4  -2.2   1.3   4.5   8.3  12.7  15.2  17.6  10.6   7.7   0.9  -7.4 
1847  -4.0  -3.8   0.0   1.5   8.7  14.0  14.1  13.6   9.6   3.8   4.0  -0.7 
1848  -5.4  -3.7  -0.3   4.3   8.7  12.4  12.9  12.4   9.7   3.4  -1.1  -3.0 
1849  -5.7  -2.0  -0.1   2.1   8.9   9.3  14.4  12.7   8.7   3.4  -0.7  -2.9 
1850  -8.6  -1.2  -2.9   5.3   9.8  12.5  15.0  13.1   9.4   3.2  -1.5   0.5 
1851  -2.2  -1.6  -2.5   3.7   7.7  11.4  13.9  11.9  11.3   7.0  -3.6   2.6 
1852  -2.5  -2.4   0.5   2.9  10.3  16.7  17.4  17.8  10.8   2.0  -2.6  -2.9 
1853  -3.5  -7.7  -5.4   2.8   9.1  17.1  16.8  13.7  10.9   4.7   0.8  -1.9 
1854  -6.7  -1.5   3.2   4.6  10.8  14.8  16.5  14.9   9.7   4.2  -0.9  -1.7 
1855  -5.7  -7.8  -1.9   3.3   7.8  12.2  18.8  13.4   9.0   3.4   0.8  -6.2 
1856  -3.5  -3.3  -0.1   3.8   7.0  10.9  13.7  10.8   9.2   6.0  -3.4  -2.3 
1857  -7.7  -0.5  -0.2   3.7   8.3   9.7  13.8  15.4  10.6   6.5   3.6   3.3 
1858  -0.8  -3.5  -0.3   2.6   8.9  13.9  17.0  16.0  11.9   5.4  -0.9  -3.2 
1859   0.2  -1.9  -0.5   1.6   8.7  12.9  12.3  13.6  11.0   3.8   0.1  -4.7 
1860  -5.8  -4.8  -2.2   2.1   7.7  14.3  13.3  14.2   8.6   4.0  -1.5  -7.0 
1861  -4.6  -1.5   0.1   2.6   5.5  14.2  16.0  13.4   9.5   7.3  -1.9   1.4 
1862  -5.3  -3.2  -3.3   3.9  10.8  12.5  12.3  11.4   9.2   6.1   1.7  -1.2 
1863  -1.0   0.1  -2.2   4.8   5.7  13.4  11.9  12.2  10.7   6.2   2.0  -0.9 
1864  -3.9  -5.4  -2.6   3.2   4.8  11.2  13.1  10.6  10.6   2.4  -0.7  -0.8 
1865  -4.4  -4.8  -2.6   4.0   8.3   8.7  14.4  13.2   9.8   3.3   1.1   0.6 
1866  -0.1  -4.0  -4.4   3.8   6.8  14.0  12.6  14.3  11.9   4.7  -2.0  -3.9 
1867 -11.0   0.2  -2.7   2.1   4.3   9.5  12.4  14.0  10.0   4.8   1.7  -5.4 
1868  -3.0  -1.1   1.0   4.0   8.8  10.4  14.0  15.5   8.3   4.8  -0.8  -2.6 
1869  -1.4  -1.2  -1.1   4.3   6.4   9.5  12.5  11.8   9.6   3.1  -1.8  -3.7 
1870  -3.1  -4.5  -1.4   5.2   7.7  11.5  13.8  14.5   9.2   3.8   0.9  -3.2 
1871  -5.0  -7.2   2.1   0.9   6.6  10.6  15.6  12.7   8.5   5.3  -2.0  -1.9 
1872  -1.0  -0.3   0.3   5.3   9.1  16.1  15.6  13.2   8.5   6.1   0.4  -4.4 
1873  -0.2  -1.3  -0.7   2.4   7.4  13.2  16.5  13.4  10.0   4.1   2.6   1.1 
1874   0.3   0.8   0.6   4.7   6.5  10.9  14.4  11.7  10.1   7.6  -1.7  -7.7 
1875  -7.7  -5.0  -0.6   2.9   9.3  12.0  14.2  12.3   9.4   2.2  -2.7  -0.8 
1876  -2.0  -5.2  -1.1   4.4   6.3  14.2  13.7  13.1  10.0   4.8  -2.4  -5.8 
1877  -5.5  -3.7  -3.6   1.8   6.6  11.0  14.9  11.9   7.5   3.8   3.6  -1.2 
1878  -2.2   1.0  -0.9   4.4   8.5  11.7  13.1  13.7  10.3   6.1  -0.5  -7.3 
1879  -6.5  -6.5  -1.8   2.2   7.8  11.8  15.1  15.7  10.7   4.3  -0.8  -1.4 
1880  -0.5   0.5   1.6   4.8   6.7  12.0  13.7  14.9  12.4   0.4  -0.9  -4.4 
1881  -7.3  -9.3  -4.2  -0.1   6.3  11.4  12.5  12.8  10.2   2.7   2.0   0.3 
1882   1.0  -1.5  -0.3   3.2   8.7  13.1  15.5  14.9  12.0   6.2  -2.2  -6.2 
1883  -2.4  -0.2  -2.8   5.7   8.2  13.2  15.6  13.2  10.1   5.4   2.2   0.2 
1884  -0.4  -1.9   1.7   4.4   7.1  11.5  14.4  15.4  12.2   6.5   1.1  -1.5 
1885  -4.3   0.7   0.2   4.7   6.9   8.8  13.2  12.0   9.1   3.1   1.1   0.1 
1886  -4.9  -3.5  -1.0   4.8   8.0  12.8  13.2  13.0   9.5   5.9   3.9  -5.8 
1887  -0.2   1.0   0.7   3.5   8.2  10.6  13.3  12.0  11.1   3.4  -0.4  -4.4 
1888   0.1  -6.4  -7.0   1.1   7.0  11.7  13.0  12.1   9.1   3.4  -1.1   0.3 
1889  -1.1  -6.7  -2.5   4.2  11.8  14.9  14.3  12.7   8.7   6.2   4.0  -1.2 
1890   1.1  -1.0   1.8   5.3  11.1  12.3  12.9  13.4  11.0   4.9   1.7  -1.8 
1891  -2.8   2.7  -2.1   3.7   8.3  10.8  15.9  13.8   9.7   8.9   1.5  -1.2 
1892  -6.3  -5.8  -0.6   3.7   6.3  10.5  12.0  11.6   9.8   4.5   1.9  -2.0 
1893  -5.4  -8.3   0.5   3.9   8.0  11.8  13.8  12.4   7.6   5.2   1.4   1.6 
1894  -2.2  -2.1   2.7   7.7   8.3  13.4  16.5  12.7   8.3   3.2   2.5   0.7 
1895  -8.1  -6.9  -2.7   4.5  10.8  13.5  14.0  13.7   9.5   3.2   1.9  -3.0 
1896  -0.4   1.2   1.2   5.4   7.6  11.7  14.5  12.9  10.2   4.0   0.0  -3.4 
1897  -7.7  -2.2  -1.2   5.0   9.2  11.3  14.3  14.9   9.6   5.4   1.7   0.0 
1898   1.8  -2.7  -1.4   4.1   8.4  12.6  12.4  12.4   9.4   4.1  -0.6  -1.2 
1899  -4.8  -2.6  -3.8   2.1   5.9  12.0  15.8  11.1   8.6   3.9   2.9  -7.1 
1900  -5.5  -9.9  -0.3   2.3   6.4  13.6  11.9  12.4   8.4   3.8  -0.1  -1.9 
1901  -4.5  -4.9  -2.4   4.6   9.0  13.8  18.2  14.6  11.5   7.5  -0.8  -7.3 
1902  -1.2  -3.1  -2.2   2.9   7.2  11.0  11.2  11.2   7.9   3.2   0.3  -4.5 
1903  -4.9   0.4   2.7   3.3   8.4  10.7  13.5  12.2  10.5   2.9   1.5   0.1 
1904  -0.3  -6.5  -0.5   4.7   7.3  10.3  11.8  11.7   9.8   5.0  -2.0  -1.7 
1905  -4.0  -2.3   1.1   2.3   7.4  14.5  13.4  12.9   9.1   1.2   0.3   1.5 
1906  -3.0  -2.7  -0.7   4.4   8.7  11.8  14.2  12.6  10.0   5.7   2.4  -3.2 
1907  -3.0  -2.0   1.4   4.3   6.9  13.0  12.7  10.3   8.3   7.7   1.5  -3.1 
1908  -0.7  -1.4  -1.1   3.7   7.4  10.8  13.8  12.9   9.3   5.2  -1.0  -0.5 
1909  -0.8  -3.4  -2.8   2.8   6.1  10.9  13.1  11.1   8.9   7.0  -0.1  -2.5 
1910  -4.1   0.5   1.9   4.6  10.2  12.7  14.3  14.6   9.9   5.1  -0.7   0.4 
1911  -2.2  -0.9  -0.1   3.6  10.8  12.0  13.6  13.9  10.3   3.2  -1.1   1.2 
1912  -4.2  -2.9   1.9   2.9   8.2  13.8  16.3  14.3   8.8   4.5   0.6   1.2 
1913  -5.3  -0.5   1.8   5.4   9.6  12.1  13.7  12.8  10.1   5.4   3.7  -2.1 
1914  -1.9   1.1   0.0   5.6   6.9  12.7  18.3  13.7  10.2   4.4  -0.1  -0.5 
1915  -4.6  -1.9  -2.2   3.3   5.9   9.3  13.2  13.2   8.0   1.7  -0.6  -7.6 
1916  -1.6  -2.7  -1.9   5.0   8.5  12.7  15.6  12.1   8.4   3.4   3.2  -1.7 
1917  -6.4  -2.8  -2.7   1.6   6.9  13.8  13.0  17.2   9.4   4.6   1.6  -1.6 
1918  -5.3  -1.8   1.3   5.3   8.9  10.8  15.8  13.8   8.5   6.7   3.2  -2.9 
1919  -2.4  -3.6  -1.3   2.7  11.2  11.4  14.8  10.7   9.3   3.8  -3.7  -5.0 
1920  -1.9   0.2   3.6   5.6  10.4  11.8  14.9  12.2  10.3   5.7   2.7  -1.3 
1921  -2.4  -0.6   3.2   6.6   8.5   8.6  11.7  11.4   8.7   5.3  -1.5   0.4 
1922  -6.2  -3.7  -0.4   2.9   8.0  11.0  14.4  13.0   9.5   3.9   1.9   1.3 
1923  -0.6  -4.9   1.4   3.0   6.4   7.3  13.5  12.0   9.1   4.8  -1.0  -4.1 
1924  -2.7  -4.2  -3.4   2.5   7.0  10.2  15.2  14.6  11.1   6.8   2.0   2.4 
1925   0.5  -0.7  -2.5   4.4   9.5  11.1  17.5  14.3  10.1   2.5  -1.9  -4.2 
1926  -3.4  -2.3   0.3   5.4   7.6  13.5  14.1  13.8   9.0   0.9   2.4  -1.3 
1927  -2.0  -1.0   2.7   2.5   5.7  11.1  17.3  15.5   9.4   4.0  -1.6  -4.2 
1928  -2.5  -2.3   0.9   5.5   7.4   9.5  11.0  12.2   8.9   5.0   1.5  -0.8 
1929  -4.1  -5.2   2.8   1.2   9.4  10.5  12.2  11.5   9.7   5.1   2.1   2.0 
1930   0.9  -1.3   1.1   6.6  10.1  14.2  16.8  16.2   9.7   6.3   0.0   1.1 
1931  -4.3  -3.5  -3.3   3.4   9.6   8.5  15.7  11.9   7.8   4.1   3.5  -0.6 
1932   1.2   1.1  -1.6   3.6   8.8  10.2  15.1  12.9   8.6   2.9   1.4   1.4 
1933   0.1  -4.0   0.5   3.1   8.7  16.0  15.5  13.1  11.2   5.2  -0.8   0.5 
1934   1.5   0.9   1.1   3.9   9.2  11.5  15.8  15.9  13.0   6.1   1.7   0.3 
1935  -1.6  -1.0  -1.5   3.5   5.7  12.5  13.2  13.7   9.4   4.7   3.7  -0.4 
1936  -2.6  -4.0   0.5   2.9   9.9  14.2  16.2  13.7   9.4   4.1   2.2   2.1 
1937  -1.9  -5.0  -2.0   7.4  11.2  12.8  17.5  16.8  10.5   7.7   0.1  -4.4 
1938  -0.9   1.1   3.3   3.2   7.4  11.0  16.0  14.9  11.0   7.0   4.4   0.2 
1939  -3.3   2.2   0.5   3.1   8.0  11.4  15.3  16.0  10.8   4.1   1.9  -2.7 
1940  -7.0  -9.2  -2.9   2.8  11.4  12.6  13.8  11.5   8.6   5.6   1.3  -2.4 
1941  -7.3  -5.8  -1.8   2.6   7.3  11.1  18.1  13.3  10.0   3.9   0.6  -2.5 
1942  -9.8  -5.5  -4.4   4.3   7.7  10.5  12.8  13.9   9.4   5.4   2.5  -1.0 
1943  -3.9   1.0   3.3   3.9   8.7  13.2  14.3  11.9  10.6   7.5   0.9   1.2 
1944  -0.7  -0.6  -0.6   1.9   6.1  11.3  15.7  13.0  10.1   6.9   0.4   1.2 
1945  -7.4  -1.1   2.4   5.0   8.4  12.4  15.9  14.7   9.5   4.9   1.6  -2.1 
1946  -2.9  -5.0  -0.3   4.5   9.0  11.9  15.6  14.5  11.3   5.3   2.2   0.3 
1947  -3.0  -8.8  -4.0   3.7  10.2  13.2  15.9  14.6  10.9   4.5  -1.5  -2.9 
1948  -6.1  -0.6   3.4   6.1   9.2  11.0  15.8  12.1  10.1   3.8   1.7   2.3 
1949  -0.6   0.6  -0.9   4.8   9.2  11.3  12.9  12.2  12.8   5.8   2.3  -0.8 
1950  -3.7  -1.7   1.3   5.0   8.3  11.9  14.6  16.4  10.3   6.6   0.9  -2.8 
1951  -5.8  -1.2  -2.5   3.3   6.5  10.4  12.1  15.8  11.2   6.3   1.2   1.4 
1952  -5.0  -1.8  -1.1   6.4   9.0  10.9  13.2  12.2   6.8   3.4  -1.6  -3.6 
1953  -2.7  -4.7   3.6   4.8   8.5  17.0  15.1  13.9   9.6   7.3   3.4   0.2 
1954  -4.5  -5.5   0.6   3.6  12.1  11.2  14.7  13.2   9.2   4.5   1.4   0.3 
1955  -3.0  -5.7  -1.7   2.0   5.8  10.5  15.3  14.7  10.6   3.6   1.5  -4.9 
1956  -4.1  -6.0   0.3   2.6   8.6  10.6  14.0  12.0   9.5   4.7  -0.9  -0.4 
1957   0.0  -2.7  -0.2   3.2   6.9   9.4  15.1  12.6   9.0   5.6   2.4  -1.4 
1958  -5.7  -7.7  -6.5   3.0   7.0  11.5  13.0  14.5  11.5   8.2   4.7  -3.8 
1959  -6.3   0.8   3.4   5.6   8.3  12.3  14.5  14.4   9.5   5.8   4.0   0.4 
1960  -5.8  -4.0   1.9   4.8   9.1  12.8  15.1  14.4  10.6   1.5   1.0  -2.4 
1961  -3.9   0.7   2.0   3.5   8.4  12.6  13.9  12.7  11.9   9.8   4.4  -2.8 
1962  -1.4  -1.3  -3.9   3.5   7.7  10.1  12.4  12.4   9.9   6.6   0.1  -2.1 
1963  -3.6  -7.3  -1.5   5.0  11.9  13.3  12.8  15.7  10.7   6.7   0.1   0.0 
1964   1.3  -2.1   1.7   5.4   9.7  11.1  13.3  12.4   8.4   6.2   1.4  -0.2 
1965  -3.7  -1.2  -0.6   5.4   7.6  12.7  12.3  12.2  12.1   6.2  -1.6  -7.0 
1966  -8.0  -9.9  -1.2   1.0   8.1  14.9  13.4  12.8   8.7   5.1   0.4  -0.5 
1967  -5.5   0.1   2.7   3.2   9.1  11.1  13.3  13.2  11.2   5.7   4.5  -4.0 
1968  -3.9  -2.1   0.4   4.0   7.0  13.1  13.6  12.9  10.9   3.8  -4.6  -1.5 
1969  -1.6  -5.7  -3.1   5.0   9.3  14.8  13.9  16.7   8.7   5.8  -2.1  -3.9 
1970  -6.8  -7.8  -0.4   2.2  10.2  15.1  13.9  14.4   9.5   6.3  -0.8   0.6 
1971  -1.0   0.0  -1.8   3.7  10.5  11.8  13.7  13.5   9.2   5.3  -0.5   2.5 
1972  -4.9  -1.3   2.3   4.5  10.1  14.6  15.8  13.5   8.1   5.1   1.3   2.9 
1973   3.1  -1.8   3.8   2.4   8.6  12.6  15.2  12.4   8.6   3.4  -1.4  -1.6 
1974   1.6   0.1   0.7   4.3   9.6  12.9  12.8  12.8  11.1   3.1  -0.3   1.0 
1975   0.2   0.9   0.9   3.1   7.5  10.3  13.2  13.5   9.1   5.2   1.6   0.7 
1976  -3.9  -1.3  -2.4   2.2  10.3  11.2  13.1  12.2   5.4   5.4   1.0  -5.7 
1977  -7.0  -7.0   0.7   1.0   7.1  10.4  12.7  13.0   7.8   6.5   0.5   0.7 
1978  -2.8  -6.3  -0.5   2.5   9.0  13.4  14.7  13.1   8.6   4.7   1.2  -8.1 
1979  -7.5  -3.7   0.7   4.2   8.4  13.3  12.5  13.5   8.8   4.0   0.4  -3.3 
1980  -6.4  -3.4  -0.7   4.4   8.2  15.1  16.1  14.9  10.7   3.2  -2.6  -3.3 
1981  -3.5  -2.9  -2.3   2.5  11.6  10.6  13.2  11.9  11.3   5.1  -0.5  -9.0 
1982  -5.9  -1.5   2.5   3.6   8.6  10.5  14.4  14.0  10.0   6.4   1.7  -0.1 
1983  -0.3  -2.3   0.3   4.8  10.9  11.1  13.8  11.7  10.7   5.8   0.8  -0.5 
1984  -5.2   0.4  -1.5   5.0  11.4  11.7  12.9  13.1   9.2   6.8   3.4   1.1 
1985  -6.8  -7.3   0.1   2.3   8.5  12.7  14.9  14.2   8.2   7.4  -1.8  -4.1 
1986  -8.6  -5.4   2.4   2.3  10.5  13.8  13.5  12.4   7.3   6.1   3.4  -3.4 
1987  -9.6  -2.4  -2.6   4.8   7.3  11.3  13.6  11.5   9.4   8.7   0.8   0.7 
1988   0.2  -1.0  -1.5   1.5  10.2  13.0  16.4  14.3  11.3   5.4   0.3   0.4 
1989   2.7   2.2   3.2   5.7   8.2  12.8  12.6  13.1   9.6   5.8   2.2  -1.3 
1990  -0.3   4.3   2.0   5.1   8.3  14.1  13.7  14.1   9.6   6.4   1.8   1.3 
1991  -0.9  -2.9   2.6   5.4   6.6  10.9  15.5  14.5   9.4   4.6   2.7   1.2 
1992   1.5   0.6   2.4   2.8  10.5  15.4  12.8  13.2  11.1   0.8   0.5   1.0 
1993   0.8   0.1   0.2   5.4   9.8   9.4  14.1  12.3   8.3   3.9  -0.9  -3.0 
1994  -3.8  -7.0   0.2   5.0   7.8  10.0  16.2  14.7   9.6   3.5   1.9   1.9 
1995  -0.7   0.6   1.7   2.4   8.1  11.6  13.1  12.6  10.9   7.7  -1.3  -2.9 
1996  -2.7  -4.1   0.5   4.3   7.5  11.3  12.8  17.1   8.5   6.8  -2.0  -3.0 
1997   0.5   0.1   1.0   2.0   7.5  13.6  17.3  17.1  11.0   4.3   0.6  -0.9 
1998  -0.1   1.2   0.4   4.0   7.9  12.4  14.2  12.7  11.9   5.0  -1.0  -0.8 
1999  -2.1  -0.7   1.4   5.5   8.5  13.4  13.9  12.9  14.3   6.0   5.7  -3.9 
2000   2.0   1.4   0.9   6.7  11.4  10.4  12.9  12.3  11.6   9.7   4.5  -1.9 
2001 -99.0 -99.0 -99.0 -99.0 -99.0 -99.0 -99.0 -99.0 -99.0 -99.0 -99.0 -99.0 
2002 -99.0 -99.0 -99.0 -99.0 -99.0 -99.0 -99.0 -99.0 -99.0 -99.0 -99.0  -3.4 
2003  -3.4  -1.1   3.3   5.0   9.2  13.1  17.6  14.2  10.6   3.8   2.5   0.5 
2004  -3.4  -0.4   2.7   7.9   9.3  11.4  14.3  16.0  10.9   6.4   0.7   0.9 
2005   1.9  -1.5  -0.6   6.0   7.8  11.7  16.2  13.4  11.1   7.6   4.2  -1.2 
2006  -0.3  -1.0  -4.5   4.9   9.9  12.7  16.0  17.4  13.1   7.1   4.1   4.5 
2007  -0.7  -4.4   3.3   5.0   8.8  14.2  16.4  14.0   9.2   6.0   1.0   0.0 
2008   1.0   1.4   0.8   5.9   9.3  13.4  16.2  13.9  10.5   6.7   1.7  -1.2 
2009  -0.9  -3.6   1.9   6.9  10.3  12.4  15.6  15.5  10.9   3.8   3.2  -2.9 
2010  -8.6  -6.4  -0.5   4.8   7.6  10.8  15.8  14.8   9.9   6.5  -5.0  -8.7 
2011  -0.5  -2.3   1.2   6.7  10.4 -99.0 -99.0 -99.0 -99.0 -99.0 -99.0 -99.0 
