Number= 014480
Name= Oksoey Fyr
Country= NORWAY
Lat=   58.1
Long=   -8.1
Height= 9
Start year= 1890
End year= 2007
First Good year= 1890
Source ID= 34
Source file= Jones+Anders
Jones data to= 1999
Normals source= Data
Normals source start year= 1961
Normals source end year= 1990
Normals=   0.3  -0.3   1.6   4.5   9.3  13.3  15.2  15.2  12.5   9.3   5.0   2.1 
Standard deviations source= Data
Standard deviations source start year= 1941
Standard deviations source end year= 1990
Standard deviations=   2.9   3.0   2.1   1.2   1.1   1.1   1.1   1.2   1.0   1.0   1.4   2.1 
Obs:
1890   3.6   1.2   2.1   4.4  11.2  11.3  13.0  14.2  13.7   8.9   4.3  -0.5 
1891  -1.5   3.3   0.1   3.9   8.2  13.3  15.5  14.2  12.7  10.1   4.0   3.3 
1892  -0.2  -0.6   0.4   4.7   7.9  11.8  15.0  14.1  12.0   7.7   5.3   0.2 
1893  -3.2  -3.8   2.7   5.7   9.5  13.4  16.0  15.7  11.7   8.7   3.2   4.0 
1894   1.5   2.3   3.9   6.3   8.2  13.1  16.5  14.8  11.5   6.9   6.5   3.5 
1895  -2.7  -5.3   0.1   4.9  11.8  13.7  14.4  14.8  13.4   6.5   4.6   1.1 
1896   1.2   2.9   2.0   5.2  10.0  15.6  16.3  14.6  12.4   7.8   4.1   0.5 
1897  -2.7   0.8   0.4   4.3   9.3  13.7  16.2  16.6  12.2   8.2   5.0   3.0 
1898   4.7   1.1   0.6   4.0   8.0  13.0  14.4  13.6  12.3   8.8   4.4   4.8 
1899   0.9   1.0   1.1   4.1   8.7  13.3  17.5  15.7  11.8   8.8   7.6   0.9 
1900  -0.4  -4.7   0.0   3.5   7.6  13.8  15.5  15.5  12.7   8.1   4.7   2.9 
1901  -0.2  -1.8  -0.3   4.8  10.8  12.9  18.6  15.9  13.4  10.3   3.7   1.6 
1902   3.0  -1.0   1.3   3.4   6.9  12.4  13.0  12.4  10.7   7.2   4.2   0.2 
1903   0.1   3.4   4.1   4.1   8.9  14.2  13.9  13.7  12.1   7.1   4.4   1.4 
1904   1.8  -2.1   0.3   4.3   7.7  12.8  14.8  14.4  12.6   9.3   4.0   2.8 
1905   2.2   2.4   2.5   3.6   9.0  14.7  16.1  14.1  11.8   5.7   3.9   4.1 
1906   1.8   1.1   1.8   5.1   8.9  14.4  14.5  14.9  12.8   9.5   6.7   1.8 
1907   0.9   0.6   2.6   4.6   8.3  10.8  14.1  12.5  11.4  10.8   5.1   0.3 
1908   2.6   3.0  -0.2   4.1   8.3  13.4  16.2  14.9  12.3   9.5   4.5   2.9 
1909   2.6  -0.3  -1.4   2.8   7.2  12.3  13.7  13.6  12.1  10.3   3.3   1.5 
1910   0.9   1.9   3.0   5.1  10.6  14.5  16.3  15.5  13.2   9.1   2.9   3.0 
1911   2.2   2.1   2.0   5.2  10.9  13.3  16.0  16.9  13.1   7.5   5.0   3.5 
1912  -1.5  -1.4   2.8   4.5   8.9  12.5  16.8  14.4  11.2   7.8   4.3   4.6 
1913   0.3   2.2   3.5   5.4   9.3  12.8  16.1  14.4  12.8   8.8   7.3   3.0 
1914   0.5   4.1   2.0   6.4   8.5  14.0  18.0  16.6  13.3   8.1   3.8   3.6 
1915  -0.9   0.4   0.2   5.4   8.6  12.4  14.3  15.2  11.4   6.1   2.3  -2.8 
1916   3.1   0.9  -1.0   4.6   8.8  11.3  16.0  14.6  11.6   7.7   6.5   2.4 
1917  -4.0  -0.7  -1.9   3.0   8.7  14.2  16.0  16.5  13.3   8.0   5.8   1.4 
1918  -0.6   1.0   1.4   5.0  10.4  11.8  15.1  15.1  10.6   9.9   6.1   2.3 
1919   1.1  -2.8   0.4   4.5  11.1  12.5  16.4  13.5  12.2   7.3   0.4  -0.6 
1920   0.5   2.7   4.1   5.2   9.5  14.6  15.2  14.3  12.6   7.5   6.4   1.6 
1921   2.7   1.9   4.4   7.6  10.3  13.5  14.6  13.8  11.7   9.8   2.1   3.7 
1922  -1.2  -1.8   1.2   3.1   7.8  11.9  14.5  13.7  11.8   6.9   4.9   4.2 
1923   3.3  -1.6   0.4   3.6   7.6  10.6  14.8  13.7  11.7   9.1   3.0  -0.8 
1924  -0.8  -0.7  -1.0   2.9   7.1  11.5  14.2  15.1  13.2   9.7   6.6   5.8 
1925   4.6   3.0   0.9   5.7   9.5  13.0  18.2  16.0  12.2   7.8   2.3  -0.9 
1926   0.1  -2.3   2.4   5.6   9.1  13.7  17.1  15.8  12.6   5.9   5.7   1.8 
1927   2.7   0.8   2.8   4.1   7.4  10.3  16.7  16.0  12.8   8.6   2.5  -3.3 
1928   1.1   1.4   0.5   4.6   9.3  10.3  13.1  14.0  11.7   8.5   5.1   1.7 
1929  -1.9  -5.2   3.1   3.1   8.4  11.0  14.8  13.6  12.9   8.9   6.2   4.7 
1930   4.1  -0.2   2.1   5.7   9.6  13.5  16.2  15.7  12.8   9.1   5.4   3.8 
1931   0.0  -0.4  -1.3   3.6   8.9  10.9  14.8  14.4  11.1   8.1   6.5   2.9 
1932   4.6   2.8   0.3   4.5   9.1  13.0  16.5  16.1  12.4   7.3   4.8   4.1 
1933   1.1   0.1   1.8   5.5   9.2  15.7  17.6  15.4  13.9   9.2   3.4   1.0 
1934   3.6   4.5   2.8   4.8   9.1  13.2  17.3  15.6  14.1  10.1   5.3   5.3 
1935   1.3   1.9   1.8   5.2   8.7  12.5  15.7  15.7  12.6   9.1   6.7   1.3 
1936   0.7  -1.0   1.0   4.0  10.7  14.7  16.3  15.9  12.4   7.8   5.7   5.1 
1937   1.2  -1.4  -1.6   4.5   9.8  12.3  16.6  18.0  13.5  11.0   4.7  -1.5 
1938   1.6   2.3   5.8   6.4   8.6  11.9  15.2  17.0  14.0  10.1   7.9   2.3 
1939  -0.4   3.7   2.3   5.2  10.2  12.9  14.9  17.0  14.3   6.4   5.6   1.3 
1940  -2.2  -5.7  -0.5   3.2   9.8  15.2  15.0  14.4  11.3   7.9   5.1   1.8 
1941  -6.3  -4.3  -0.5   2.5   8.0  13.4  17.5  14.9  13.2   7.9   4.0   2.7 
1942  -6.7  -6.1  -3.6   3.2   8.2  11.7  14.6  14.9  12.8   9.3   5.8   4.2 
1943  -1.2   3.9   4.4   6.4   9.4  13.6  15.8  14.3  13.0  10.5   5.0   2.6 
1944   3.6   1.4   1.7   4.8   8.4  12.0  16.5  16.8  12.9   9.6   4.2   3.4 
1945  -1.3   1.0   4.4   6.8   9.0  12.5  16.9  17.4  13.4  10.8   5.2   2.1 
1946   0.6   1.2   0.9   6.5  10.6  12.1  16.1  14.9  13.6   8.0   6.0   3.3 
1947  -1.1  -7.6  -2.0   4.3  11.7  13.8  16.9  19.1  14.6   9.3   3.7   2.2 
1948  -1.7  -0.3   3.5   7.0  10.4  13.4  16.1  15.4  12.7   8.4   5.5   5.3 
1949   3.8   4.1   2.0   5.9   9.6  13.2  16.9  14.4  15.5  10.3   6.4   4.5 
1950   0.6   1.2   3.7   5.7  11.0  12.8  15.4  16.3  12.9   9.6   4.4  -0.2 
1951  -0.8   0.5  -1.1   3.9   8.9  12.5  14.4  15.3  13.8  10.4   6.4   5.6 
1952   1.1   2.0   1.2   5.7   9.8  11.1  15.0  14.7  11.0   6.9   1.9   1.9 
1953   1.0  -0.5   4.3   5.3  10.2  16.0  15.7  15.4  13.0  10.9   8.0   4.2 
1954   0.7  -2.4   0.1   4.3  10.5  13.0  14.6  14.9  12.2   9.1   5.4   3.9 
1955   0.2  -2.2   0.5   3.9   7.6  12.4  18.2  18.1  14.0   8.6   6.4   1.3 
1956   0.1  -4.3   0.2   4.0   9.2  12.3  15.8  13.3  12.8   8.8   4.7   4.4 
1957   2.7   0.8   1.7   5.4   8.7  12.4  15.8  15.3  11.5   9.9   5.2   3.5 
1958  -0.4  -2.7  -2.0   3.3   7.5  13.4  16.0  14.6  14.1  11.0   6.5   1.2 
1959  -1.4   0.8   3.0   5.7  10.6  13.1  16.7  16.9  13.3  10.0   6.5   2.9 
1960  -0.5  -1.6   1.6   5.0  10.7  13.6  14.4  15.0  12.9   7.4   4.2   2.1 
1961   0.4   2.7   5.1   5.7  10.2  13.1  14.8  14.3  13.9  11.7   6.2   1.4 
1962   2.7   2.3  -0.9   5.0   8.2  11.8  14.2  13.3  11.9  10.2   4.2   0.7 
1963  -3.4  -4.6  -1.6   3.4   8.5  13.9  14.2  15.1  12.7   9.2   5.2   1.0 
1964   2.2   0.7   0.6   5.1   9.9  11.7  13.6  14.4  11.5   8.2   6.2   2.0 
1965   1.1   1.2   0.8   4.7   8.3  12.8  13.8  13.9  13.0  10.0   1.9  -1.5 
1966  -3.6  -5.8   2.0   1.7   8.2  14.2  14.8  14.2  12.4   8.8   4.3   1.8 
1967  -1.3   1.0   4.4   4.7   8.3  12.4  14.9  15.4  13.6  10.1   7.4   1.4 
1968  -0.8  -0.4   3.1   5.5   8.6  14.0  15.2  16.4  13.5   9.1   2.7   0.5 
1969   0.3  -3.7  -0.3   4.2   8.1  14.5  14.5  17.3  13.3  10.0   3.6   0.2 
1970  -3.1  -6.1   0.0   2.5   9.6  15.5  13.8  15.7  12.0   9.3   4.1   2.8 
1971   1.6   2.5   0.8   4.5   9.2  12.6  15.4  14.8  12.7   9.9   4.6   5.7 
1972  -1.1  -0.5   1.8   5.2  10.0  12.4  16.3  14.7  11.5   8.9   5.5   5.4 
1973   2.7   2.9   4.9   5.0   9.0  13.0  17.0  14.7  12.3   7.4   3.7   2.4 
1974   3.4   2.6   2.8   7.0  10.1  13.9  14.2  14.9  13.0   7.4   5.2   4.7 
1975   4.6   1.8   2.4   4.5   9.7  12.4  15.7  18.0  13.4   9.5   6.2   5.5 
1976   0.9   1.2   0.0   5.2   9.6  13.2  17.1  16.6  11.2   8.6   5.4  -0.4 
1977  -0.4  -2.4   2.0   3.5   9.5  13.6  15.2  15.4  11.9   9.7   5.1   3.3 
1978   2.4  -2.8   0.5   3.9  10.3  13.4  14.5  15.3  11.4   9.5   7.0  -2.4 
1979  -4.5  -2.5   1.4   3.5   6.9  12.9  14.3  14.4  12.1   8.5   4.4   1.2 
1980  -2.0  -3.5  -0.3   4.8  10.5  14.5  16.6  15.3  13.1   7.5   3.5   3.6 
1981   0.5   0.3  -0.1   4.4  10.6  12.1  14.6  14.9  13.6   8.2   5.3  -4.2 
1982  -3.6  -0.8   2.7   5.3   8.6  13.9  16.8  16.1  12.9   9.3   7.0   3.6 
1983   5.2  -0.7   3.1   5.2   8.8  12.6  16.2  15.6  12.9   9.7   5.4   3.1 
1984   0.1   0.0   0.6   4.5  10.9  13.6  15.6  16.2  11.8  10.3   6.9   4.5 
1985  -4.0  -3.0   0.5   3.3   9.8  12.9  15.0  14.8  11.4  10.4   2.0   0.2 
1986  -1.6  -4.1   1.4   3.0   8.5  13.7  14.2  14.0  10.8   9.4   7.3   2.3 
1987  -4.6  -0.2  -1.8   4.4   8.5  11.0  14.8  13.5  11.6   9.8   5.0   3.8 
1988   3.5   2.2   1.1   3.9  10.8  16.4  15.9  15.2  13.5   8.8   5.0   3.9 
1989   6.2   5.0   5.0   5.5   9.9  13.9  16.4  14.9  13.0   9.9   6.4   3.3 
1990   4.9   5.5   6.0   6.8  11.2  14.1  16.1  16.1  12.1   9.7   4.3   3.5 
1991   2.6  -0.9   2.9   5.7   9.4  11.3  16.3  16.7  13.4   9.3   6.1   4.7 
1992   4.1   3.8   4.1   4.7  11.4  16.4  15.3  14.5  13.1   6.6   5.2   3.5 
1993   3.6   2.8   3.1   6.0  11.8  13.1  13.4  13.7  10.9   7.2   2.6   1.3 
1994   1.4  -2.9   2.1   5.7  10.2  11.8  17.5  16.9  11.7   8.3   6.5   5.0 
1995   1.9   3.2   3.2   5.6   8.6  14.0  15.5  18.0  12.9  10.8   4.9  -0.9 
1996  -1.2  -1.8   0.8   4.6   7.7  12.8  14.2  16.8  12.3  10.0   4.4   0.1 
1997   0.2   3.2   3.9   5.4   8.8  14.9  18.4  19.8  13.4   8.4   5.0   2.2 
1998   1.9   5.3   3.1   4.3  10.6  12.6  14.5  14.5  13.2   8.5   2.5   3.2 
1999   1.5   1.7   2.7   6.2   8.6  12.9  16.2  16.5  15.2   9.7   7.0   2.5 
2000 -99.0 -99.0 -99.0 -99.0 -99.0 -99.0 -99.0 -99.0 -99.0 -99.0 -99.0 -99.0 
2001 -99.0 -99.0 -99.0 -99.0 -99.0 -99.0 -99.0 -99.0 -99.0 -99.0 -99.0 -99.0 
2002 -99.0 -99.0 -99.0 -99.0 -99.0 -99.0 -99.0 -99.0 -99.0 -99.0 -99.0 -99.0 
2003 -99.0 -99.0 -99.0 -99.0 -99.0 -99.0 -99.0 -99.0 -99.0 -99.0 -99.0 -99.0 
2004 -99.0 -99.0 -99.0 -99.0 -99.0 -99.0 -99.0 -99.0 -99.0 -99.0 -99.0 -99.0 
2005 -99.0 -99.0 -99.0 -99.0 -99.0 -99.0 -99.0 -99.0 -99.0 -99.0 -99.0 -99.0 
2006 -99.0 -99.0 -99.0 -99.0 -99.0 -99.0 -99.0 -99.0 -99.0 -99.0 -99.0 -99.0 
2007 -99.0 -99.0 -99.0 -99.0 -99.0 -99.0 -99.0 -99.0 -99.0 -99.0 -99.0 -99.0 
