Number= 014720
Name= TORUNGEN FYR
Country= NORWAY
Lat=   58.4
Long=   -8.8
Height= 12
Start year= 1867
End year= 1955
First Good year= 1867
Source ID= 10
Source file= Jones
Jones data to= 1955
Normals= -99.0 -99.0 -99.0 -99.0 -99.0 -99.0 -99.0 -99.0 -99.0 -99.0 -99.0 -99.0 
Obs:
1867 -99.0 -99.0 -99.0 -99.0 -99.0 -99.0  15.0  15.9  12.6   8.5   4.5  -2.2 
1868  -1.3   3.2   3.1   5.3  10.9  14.9  18.5  18.1  12.7   8.3   3.6   2.3 
1869   1.7   3.3   0.2   6.7   9.4  12.3  16.5  15.6  12.7   7.3   2.0  -0.4 
1870  -0.7  -4.0   0.1   5.3   9.1  12.9  16.2  15.8  11.6   6.7   3.9  -3.5 
1871  -2.9  -5.6   2.4   2.8   8.6  13.3  15.2  15.9  11.4   6.8   1.9   0.8 
1872   1.7   0.4   0.4   4.8   9.2  14.5  18.3  15.9  12.0   9.4   5.0  -1.1 
1873   2.7   0.2   0.6   4.5   8.0  14.5  16.1  15.0  12.1   7.0   4.3   4.9 
1874   3.8   2.4   2.7   5.5   8.7  13.9  16.3  14.5  12.0  10.0   3.0  -3.1 
1875  -4.1  -3.1   0.0   5.6   9.9  13.6  16.8  16.8  13.5   6.0   1.2   1.0 
1876  -0.1  -2.2  -0.3   3.9   9.0  14.1  16.8  15.9  12.0   8.2   1.0  -4.4 
1877  -2.6  -2.3  -1.6   2.0   7.1  12.7  15.0  14.3  10.4   7.4   6.4   1.9 
1878  -0.9   3.0   2.3   6.8  10.1  14.2  17.0  16.8  13.7   9.9   2.7  -2.8 
1879  -3.7  -5.2  -0.2   3.1   8.9  12.8  15.6  16.1  12.3   8.5   2.3   0.2 
1880   0.3   1.7   2.6   4.9   9.1  14.4  15.8  18.3  14.7   4.8   3.3   0.0 
1881  -4.0  -4.9  -3.2   2.0   8.1  13.0  14.7  13.5  11.8   5.4   5.7   3.4 
1882   4.1   3.3   3.9   4.8   9.8  13.8  16.2  16.3  13.7   8.2   0.7  -2.2 
1883  -0.8   0.9  -1.2   5.0   9.1  14.0  16.7  15.6  12.3   8.0   5.1   2.3 
1884   2.5   1.7   1.8   4.2   9.1  13.3  16.3  16.2  14.7   9.5   2.7   1.2 
1885  -1.9   0.8   1.7   5.0   7.0  12.6  15.6  14.2  10.9   5.7   3.0   2.8 
1886  -0.3  -2.5  -2.3   4.1   8.3  13.4  15.1  14.7  12.5   8.4   6.3  -1.1 
1887   1.9   2.2   2.3   4.8   9.7  15.1  15.3  14.9  12.3   6.9   3.0  -0.4 
1888   0.7  -3.9  -4.4   1.3   8.4  13.3  14.9  13.8  12.1   7.2   2.7   2.8 
1889   1.6  -2.3  -1.0   4.1  13.1  17.1  15.9  14.8  11.2   8.3   5.9   1.4 
1890   3.2   0.3   2.2   4.3  11.7  12.8  13.0  14.4  13.5   8.1   4.0  -1.4 
1891  -2.3   2.5  -0.3   3.7   8.4  13.6  16.1  14.3  12.7   9.8   3.0   2.0 
1892  -1.3  -1.1   0.2   4.7   8.3  12.8  15.6  14.4  12.0   7.2   4.8  -0.9 
1893  -4.4  -4.6   2.4   5.7   9.6  14.1  16.5  16.2  11.4   8.4   2.5   3.5 
1894   1.0   1.8   3.8   6.2   8.5  14.1  17.3  15.4  11.4   6.5   7.2   2.8 
1895  -3.3  -5.0   0.1   5.7  12.6  14.6  15.3  15.5  14.1   6.3   4.0   0.2 
1896   0.5   2.4   1.7   5.4  11.6  16.6  17.5  15.1  12.3   7.3   3.2  -0.4 
1897  -3.6   0.1  -0.3   4.3   9.8  14.4  16.8  16.9  12.1   7.8   4.5   2.7 
1898   4.2   0.2   0.1   3.3   8.3  13.8  15.4  14.3  12.4   8.4   3.7   3.8 
1899  -1.0   0.0   0.4   4.0   9.0  14.2  18.9  16.7  11.0   8.5   7.1   0.0 
1900  -1.4  -5.6  -0.5   3.6   7.3  14.7  15.9  16.1  12.7   7.9   3.6   2.0 
1901  -0.9  -2.0   0.0   5.2  11.0  13.9  19.8  17.0  13.5  10.3   3.4   1.0 
1902   2.5  -1.9   0.6   3.5   7.6  13.6  13.8  13.5  11.0   6.8   3.5  -1.3 
1903  -1.1   2.9   3.7   4.2   9.4  14.7  14.7  14.6  12.3   6.5   3.7   0.8 
1904   1.0  -3.0  -0.4   4.3   8.3  14.0  15.6  15.4  12.4   8.9   2.9   1.5 
1905   1.4   1.8   2.2   4.1   9.7  15.7  17.4  15.0  12.1   5.3   3.6   3.3 
1906   1.2   0.8   1.9   5.5   9.9  15.7  16.1  16.1  13.0   9.0   6.4   0.7 
1907   0.1   0.0   2.7   4.8   8.5  11.8  15.0  13.5  11.9  10.5   4.5  -0.8 
1908   1.8   2.3  -0.8   4.3   8.7  14.3  16.7  15.9  11.9   9.3   3.5   2.1 
1909   2.3  -0.6  -1.5   3.3   8.0  13.8  15.3  14.9  12.4  10.4   2.9   0.7 
1910   0.1   1.5   3.1   5.7  11.4  15.5  17.2  16.4  13.7   9.1   2.5   2.3 
1911   1.8   2.0   2.2   5.9  11.9  14.2  17.4  17.7  13.9   7.2   4.4   3.0 
1912  -1.8  -1.7   2.8   4.8  10.2  13.6  18.2  15.2  11.4   7.8   4.0   4.0 
1913  -0.4   2.1   3.3   5.8  10.8  13.8  17.3  15.4  13.2   9.0   6.8   2.3 
1914  -0.3   3.6   1.6   7.0   9.6  15.3  19.0  17.5  13.9   8.2   3.6   3.4 
1915  -1.6   0.3   0.0   6.0   9.6  13.9  15.2  16.5  12.2   5.7   1.9  -3.8 
1916   2.2   0.2  -1.5   4.6   9.5  11.9  17.1  15.8  12.5   7.8   6.1   1.7 
1917  -5.0  -1.7  -2.1   3.5   9.9  15.1  16.2  17.2  14.1   7.7   4.9   0.5 
1918  -1.5   0.5   1.1   4.8  11.7  12.8  15.6  16.3  11.0   9.9   5.5   1.4 
1919   0.6  -3.1   0.9   5.2  12.5  13.4  17.5  14.9  13.0   7.7  -0.2  -1.2 
1920  -0.2   2.6   4.5   5.1  10.0  15.1  15.4  14.9  12.2   7.1   5.4   0.6 
1921   1.8   0.8   3.9   7.2  10.2  14.3  16.0  14.7  12.2   9.7   1.3   2.7 
1922  -1.9  -2.6   1.1   3.2   8.3  12.7  14.7  14.1  11.1   6.3   4.2   3.4 
1923   2.6  -2.4   0.2   3.1   7.6  10.9  15.2  13.9  11.5   8.5   2.5  -1.3 
1924  -1.7  -1.5  -1.4   2.8   7.3  12.3  14.5  15.0  13.0   9.1   5.9   5.3 
1925   3.9   2.3   0.7   5.6   9.8  14.1  19.0  16.9  12.5   7.8   1.9  -1.6 
1926  -0.3  -3.0   2.4   5.7   9.6  14.6  18.3  16.8  12.9   5.4   5.1   1.0 
1927   2.1   0.2   2.8   4.5   7.7  11.0  17.7  17.0  12.9   8.4   1.9  -3.9 
1928   0.4   0.8   0.2   4.8   9.9  11.7  14.4  14.9  12.1   8.3   4.7   1.1 
1929  -2.3  -5.4   3.3   3.2   9.1  12.3  16.1  14.4  13.4   8.8   5.8   4.2 
1930   3.6  -0.3   1.9   5.9  10.3  14.3  17.3  16.6  12.7   9.0   4.9   3.2 
1931  -0.6  -0.7  -1.3   3.5   9.0  12.0  15.5  15.0  11.1   7.9   6.1   2.4 
1932   4.0   2.4   0.0   4.5   9.3  14.2  17.1  17.0  12.6   6.9   4.2   3.7 
1933   0.4  -0.4   1.6   5.4   9.5  16.5  18.6  16.1  13.9   9.0   2.8   0.3 
1934   3.1   4.2   2.6   4.9   9.5  14.1  18.0  16.3  14.1   9.6   4.7   4.7 
1935   0.4   1.4   1.7   5.1   9.3  13.2  17.1  16.4  12.6   8.6   6.3   1.0 
1936   0.1  -1.1   0.6   3.8  10.9  15.3  16.9  16.7  12.3   7.4   5.4   4.6 
1937   0.8  -2.2  -1.8   4.5  10.4  13.4  17.4  18.7  13.5  10.9   3.9  -2.2 
1938   1.3   1.9   6.0   6.3   8.8  12.6  15.5  17.3  13.9   9.9   7.5   1.5 
1939  -1.0   3.1   2.3   5.0  10.3  14.3  15.4  17.4  14.4   5.9   5.1   0.5 
1940  -2.7  -5.9  -0.7   2.5  10.3  15.7  15.8  14.8  11.3   7.3   4.7   1.3 
1941  -7.1  -5.2  -0.8   2.5   8.6  14.3  17.7  15.3  13.0   7.5   3.6   1.9 
1942  -7.7  -6.7  -4.9   3.1   8.5  12.7  15.2  15.0  12.7   8.9   5.3   3.3 
1943  -1.9   3.7   4.3   6.7  10.2  14.5  16.5  15.0  13.0  10.4   4.6   1.5 
1944   2.9   0.9   1.4   4.8   8.8  12.5  17.1  17.2  12.8   9.3   3.8   2.9 
1945  -1.8   0.6   4.4   6.7   9.4  13.5  17.5  17.5  13.1  10.4   4.4   1.5 
1946   0.0   0.5   0.6   6.6  10.6  12.6  16.5  15.3  13.3   7.4   5.4   2.7 
1947  -1.6  -8.9  -2.6   4.4  12.0  14.8  17.2  19.3  14.7   9.3   2.6   1.5 
1948  -2.6  -0.9   3.0   7.0  10.7  13.6  16.4  15.7  12.5   8.2   4.9   5.0 
1949   3.4   4.0   1.7   5.8  10.0  13.8  17.9  15.1  15.5   9.8   5.8   3.7 
1950  -0.1   0.7   3.5   5.7  11.2  13.6  16.1  16.5  12.9   9.3   3.6  -0.9 
1951  -1.9   0.0  -1.7   4.0   9.2  13.1  15.0  15.4  13.6   9.9   5.8   4.9 
1952   0.5   1.2   0.1   5.8   9.8  11.8  15.6  14.7  11.0   6.5   1.5   1.3 
1953   0.4  -1.2   4.1   5.4  10.4  16.1  16.0  15.6  13.0  10.8   7.6   3.7 
1954   0.3  -3.2  -0.3   4.3  10.3  13.2  14.8  15.1  12.1   8.7   5.1   3.4 
1955  -0.2  -2.7  -0.1   3.6   7.7  12.3  18.6  18.1  14.2   8.3   5.8   0.4 
